<HTML>
<TITLE>University of Wyoming - Radiosonde Data</TITLE>
<LINK REL="StyleSheet" HREF="/resources/select.css" TYPE="text/css">
<BODY BGCOLOR="white">
<H2>97180 WAAA Ujung Pandang Observations at 12Z 30 Aug 2018</H2>
<PRE>
-----------------------------------------------------------------------------
   PRES   HGHT   TEMP   DWPT   RELH   MIXR   DRCT   SKNT   THTA   THTE   THTV
    hPa     m      C      C      %    g/kg    deg   knot     K      K      K 
-----------------------------------------------------------------------------
 1011.0     14   28.0   23.3     76  18.19      0      0  300.2  353.8  303.5
 1000.0    105   26.8   21.8     74  16.75    220      1  299.9  349.2  302.9
  978.0    302   25.4   21.1     77  16.40    200      2  300.4  348.7  303.4
  946.0    596   23.2   20.1     83  15.89    305      3  301.1  348.0  303.9
  929.0    756   22.0   19.5     86  15.61      6      3  301.4  347.6  304.2
  925.0    794   21.8   19.1     85  15.29     20      3  301.6  346.8  304.4
  913.0    906   21.2   18.5     84  14.91     20      4  302.1  346.4  304.8
  883.0   1194   19.8   17.0     84  13.98     10      7  303.5  345.2  306.1
  872.0   1302   19.2   16.4     84  13.64    358      6  304.0  344.8  306.5
  861.0   1410   19.0   13.0     68  11.05    345      5  304.9  338.2  306.9
  852.0   1500   18.2   12.2     68  10.57    335      4  305.0  336.9  306.9
  850.0   1520   18.0   12.0     68  10.47    335      3  305.0  336.6  306.9
  830.0   1724   16.4   11.4     72  10.30    331      4  305.4  336.6  307.3
  823.0   1796   16.3   11.0     71  10.13    330      4  306.0  336.8  307.9
  804.0   1995   16.0   10.0     68   9.68    239      3  307.8  337.4  309.5
  794.0   2101   15.1    9.5     69   9.48    190      2  307.9  337.0  309.7
  766.0   2404   12.7    8.1     74   8.93    175      3  308.4  335.9  310.1
  752.0   2560   11.4    7.4     76   8.66    183      5  308.7  335.4  310.3
  726.0   2855   11.2    6.2     71   8.26    199      8  311.6  337.4  313.1
  700.0   3159    9.4    5.1     75   7.93    215     11  312.9  337.8  314.4
  688.0   3300    8.5    4.4     76   7.68    215     11  313.4  337.6  314.8
  589.0   4570    0.0   -1.8     88   5.73    177     10  317.8  336.3  318.9
  551.0   5102   -2.4   -5.4     80   4.67    160      9  321.0  336.4  321.9
  544.0   5204   -2.9   -6.1     79   4.48    165      8  321.6  336.5  322.5
  538.0   5292   -3.1  -10.1     58   3.32    170      8  322.4  333.6  323.0
  523.0   5516   -4.1   -9.0     69   3.72    181      7  323.8  336.4  324.5
  511.0   5699   -4.4  -13.4     50   2.68    190      6  325.6  334.9  326.1
  508.0   5745   -4.5  -14.5     46   2.46    186      7  326.0  334.6  326.5
  500.0   5870   -5.5  -15.5     45   2.30    175      8  326.3  334.4  326.7
  455.0   6596  -11.1  -17.6     59   2.13    125     16  328.2  335.8  328.6
  421.0   7194  -15.7  -19.2     74   1.99    125     12  329.7  336.8  330.1
  418.0   7249  -16.1  -19.4     76   1.98    122     12  329.8  336.9  330.2
  400.0   7580  -18.1  -23.1     65   1.50    100     11  331.4  336.9  331.7
  388.0   7806  -19.7  -24.1     68   1.41     95     13  332.2  337.4  332.5
  373.0   8098  -21.7  -25.5     71   1.30     92     16  333.3  338.1  333.6
  360.0   8359  -22.3  -31.3     44   0.78     89     18  335.9  338.9  336.0
  332.0   8948  -26.9  -31.9     63   0.80     82     24  337.4  340.5  337.6
  303.0   9599  -31.9  -39.7     46   0.40     75     31  339.3  340.9  339.4
  300.0   9670  -32.5  -40.5     45   0.37     75     31  339.4  341.0  339.5
  291.0   9884  -34.1  -43.1     40   0.29     70     31  340.1  341.4  340.2
  269.0  10430  -38.7  -43.7     59   0.30     57     32  341.2  342.4  341.2
  261.0  10637  -40.1  -47.1     47   0.21     52     33  342.1  343.0  342.1
  250.0  10930  -42.7                          45     33  342.4         342.4
  244.0  11090  -44.0                          50     32  342.8         342.8
  200.0  12400  -55.1                          55     47  345.4         345.4
  168.0  13482  -64.9                          59     57  346.7         346.7
  159.0  13817  -64.7                          60     60  352.6         352.6
  154.0  14010  -64.5                          57     51  356.1         356.1
  150.0  14170  -65.5                          55     44  357.1         357.1
  124.0  15303  -73.9                          65     26  361.8         361.8
  118.0  15593  -73.0                          70     19  368.5         368.5
  112.0  15899  -72.1                          30     12  375.8         375.8
  106.0  16220  -73.6                         320     12  379.0         379.0
  100.0  16560  -75.1                         330     10  382.4         382.4
   96.0  16799  -74.8                         330      9  387.5         387.5
   87.0  17374  -74.0                         270     19  400.0         400.0
   85.4  17483  -73.9                         264     18  402.4         402.4
   78.7  17960  -76.1                         239     12  407.4         407.4
   74.0  18322  -72.8                         220      8  421.6         421.6
   71.0  18566  -70.5                         145     11  431.4         431.4
   70.2  18633  -69.9                         141     12  434.2         434.2
   70.0  18650  -69.7                         140     12  434.9         434.9
   61.0  19468  -70.7                          80     29  450.2         450.2
   59.0  19667  -70.9                          81     31  454.0         454.0
   52.2  20393  -70.7                          84     39  470.6         470.6
   50.0  20650  -68.1                          85     42  482.6         482.6
   48.7  20808  -68.1                          85     44  486.2         486.2
   47.2  20998  -64.1                          85     46  500.2         500.2
   34.0  23028  -60.0                          85     67  560.0         560.0
   33.6  23102  -59.9                          85     67  562.2         562.2
   32.0  23404  -59.3                          87     68  571.8         571.8
   30.0  23810  -56.9                          90     70  588.9         588.9
   28.6  24113  -56.3                          87     63  598.7         598.7
   28.0  24248  -55.6                          85     60  604.3         604.3
   26.2  24673  -53.3                          82     39  622.4         622.4
   25.4  24875  -48.9                          81     30  640.5         640.5
   25.0  24979  -48.9                          80     25  643.3         643.3
   24.0  25247  -49.0                         325      4  650.6         650.6
   23.0  25526  -49.1                         250     16  658.4         658.4
   22.6  25641  -49.1                         231     14  661.6         661.6
   20.3  26351  -45.5                         116      3  693.2         693.2
   20.0  26450  -45.3                         100      2  696.7         696.7
   19.0  26789  -45.9                         305      9  705.1         705.1
   18.0  27147  -46.6                         310     20  713.9         713.9
   15.0  28353  -48.9                         260     35  744.6         744.6
   14.7  28486  -49.1                         260     30  748.1         748.1
   14.0  28809  -48.3                         260     19  761.4         761.4
   13.0  29299  -47.0                         290     24  782.1         782.1
   12.0  29828  -45.6                         290     33  805.0         805.0
   11.9  29883  -45.5                                     807.4         807.4
</PRE><H3>Station information and sounding indices</H3><PRE>
                         Station identifier: WAAA
                             Station number: 97180
                           Observation time: 180830/1200
                           Station latitude: -5.06
                          Station longitude: 119.55
                          Station elevation: 14.0
                            Showalter index: 2.83
                               Lifted index: -2.14
    LIFT computed using virtual temperature: -2.75
                                SWEAT index: 157.99
                                    K index: 31.20
                         Cross totals index: 17.50
                      Vertical totals index: 23.50
                        Totals totals index: 41.00
      Convective Available Potential Energy: 1251.82
             CAPE using virtual temperature: 1383.03
                      Convective Inhibition: -35.20
             CINS using virtual temperature: -23.09
                           Equilibrum Level: 164.47
 Equilibrum Level using virtual temperature: 164.47
                   Level of Free Convection: 834.09
             LFCT using virtual temperature: 853.70
                     Bulk Richardson Number: 1297.73
          Bulk Richardson Number using CAPV: 1433.75
  Temp [K] of the Lifted Condensation Level: 293.48
Pres [hPa] of the Lifted Condensation Level: 922.36
     Mean mixed layer potential temperature: 300.35
              Mean mixed layer mixing ratio: 16.60
              1000 hPa to 500 hPa thickness: 5765.00
Precipitable water [mm] for entire sounding: 53.40
</PRE>
<P>Description of the 
<A HREF="/upperair/columns.html">data columns</A>
or <A HREF="/upperair/indices.html">sounding indices</A>.

<P>
<FORM>
<INPUT CLASS="button" TYPE="button" VALUE=" Close this window " 
 onClick="window.close();">
<INPUT CLASS="button" TYPE="button" VALUE=" Select another map " 
 onClick="window.blur();">
</FORM>
<HR SIZE="1">
<I>Interested in graduate studies in atmospheric science?
Check out our program at the
<a href="http://www.uwyo.edu/atsc/howtoapply/"
target=_top>University of Wyoming
</a></I>
<HR SIZE="1"><FONT SIZE="-1">
Questions about the weather data provided by this site can be
addressed to <A HREF="mailto:ldoolman@uwyo.edu">
Larry Oolman (ldoolman@uwyo.edu)</A></FONT>
<HR SIZE="1">
<SCRIPT TYPE="text/javascript">
<!--
window.focus();
// -->
</SCRIPT>
</BODY>
</HTML>
