<HTML>
<TITLE>University of Wyoming - Radiosonde Data</TITLE>
<LINK REL="StyleSheet" HREF="/resources/select.css" TYPE="text/css">
<BODY BGCOLOR="white">
<H2>97180 WAAA Ujung Pandang Observations at 12Z 07 Sep 2018</H2>
<PRE>
-----------------------------------------------------------------------------
   PRES   HGHT   TEMP   DWPT   RELH   MIXR   DRCT   SKNT   THTA   THTE   THTV
    hPa     m      C      C      %    g/kg    deg   knot     K      K      K 
-----------------------------------------------------------------------------
 1008.0     14   28.2   13.2     40   9.54    190      2  300.7  329.1  302.4
 1007.0     23   29.2   13.2     37   9.55    176      2  301.8  330.3  303.5
 1003.0     61   30.0   13.0     35   9.46    118      3  302.9  331.3  304.6
 1000.0     89   29.8   12.8     35   9.37     75      3  302.9  331.1  304.7
  977.0    296   28.2   11.2     35   8.61     75     12  303.4  329.4  304.9
  925.0    781   24.4    7.4     34   7.03     85     19  304.2  325.7  305.5
  899.0   1029   22.4    6.4     35   6.75     87     21  304.7  325.4  305.9
  857.0   1442   21.4   -1.6     21   3.99     90     24  307.8  320.5  308.6
  851.0   1503   20.9   -2.1     21   3.87     90     25  307.9  320.2  308.6
  850.0   1513   20.8   -2.2     21   3.85     90     25  307.9  320.2  308.6
  778.0   2269   14.2   -3.8     29   3.73    106     21  308.7  320.6  309.4
  739.0   2700   12.2   -2.4     36   4.35    115     18  311.1  325.0  311.9
  700.0   3154   10.0   -1.0     46   5.11     80     15  313.5  329.9  314.5
  688.0   3297    9.4   -0.7     49   5.30     60     13  314.4  331.4  315.4
  673.0   3480    8.6   -0.4     53   5.55     39     10  315.5  333.4  316.6
  663.0   3602    7.8   -0.9     54   5.45     25      8  316.0  333.6  317.0
  640.0   3892    6.0   -1.9     57   5.22     25      5  317.1  334.0  318.1
  617.0   4191    4.0   -3.0     60   4.98     70      8  318.2  334.5  319.2
  614.0   4231    3.8   -3.2     60   4.95     71      8  318.4  334.6  319.3
  598.0   4445    2.6   -4.4     60   4.64     75     11  319.4  334.7  320.3
  587.0   4595    2.0  -15.0     27   2.04     78     13  320.4  327.4  320.8
  560.0   4972    0.0  -30.0      8   0.57     86     18  322.4  324.5  322.5
  535.0   5336   -2.1  -26.1     14   0.86     94     22  324.1  327.2  324.3
  531.0   5395   -2.3  -23.0     19   1.14     95     23  324.5  328.6  324.7
  517.0   5607   -3.1  -12.1     50   2.94     88     19  326.1  336.2  326.6
  500.0   5870   -5.3  -11.3     63   3.24     80     15  326.5  337.7  327.1
  498.0   5901   -5.5  -11.5     63   3.20     79     15  326.6  337.7  327.3
  490.0   6028   -5.5  -14.5     49   2.55     76     14  328.2  337.1  328.7
  473.0   6301   -7.9  -15.5     54   2.44     70     13  328.6  337.2  329.1
  438.0   6894  -13.0  -17.6     68   2.21     80     11  329.4  337.2  329.8
  436.0   6929  -13.3  -17.7     69   2.19     79     11  329.4  337.2  329.8
  419.0   7231  -15.3  -18.3     78   2.17     69     15  330.6  338.4  331.0
  404.0   7505  -16.1  -23.0     55   1.49     60     19  333.1  338.6  333.4
  400.0   7580  -16.3  -24.3     50   1.35     60     20  333.7  338.7  334.0
  384.0   7887  -17.3  -33.3     24   0.60     75     22  336.3  338.7  336.4
  359.0   8379  -21.2  -38.0     21   0.40    100     26  337.7  339.3  337.7
  300.0   9690  -31.5  -50.5     14   0.12     90     27  340.9  341.4  340.9
  258.0  10745  -39.9  -55.9     16   0.08     86     29  343.5  343.9  343.5
  250.0  10960  -41.9                          85     29  343.6         343.6
  214.0  11977  -50.3                          75     31  346.3         346.3
  200.0  12420  -53.9                          65     29  347.2         347.2
  153.0  14087  -67.7                          55     32  351.3         351.3
  150.0  14210  -68.7                          55     36  351.6         351.6
  124.0  15316  -77.7                          70     38  354.8         354.8
  123.0  15363  -78.1                          70     36  354.9         354.9
  121.0  15457  -75.7                          77     33  361.0         361.0
  110.0  16003  -76.9                         115     18  368.7         368.7
  107.0  16160  -77.9                         126     14  369.8         369.8
  106.0  16214  -77.1                         130     12  372.2         372.2
  101.0  16493  -73.1                         285     11  385.1         385.1
  100.0  16550  -72.3                         285     14  387.8         387.8
   91.0  17101  -74.5                         240     11  394.0         394.0
   82.0  17708  -77.0                         300     11  400.8         400.8
   81.6  17737  -77.1                         305      9  401.2         401.2
   79.7  17874  -73.1                         352      6  412.1         412.1
   78.0  18001  -73.1                          35      4  414.6         414.6
   74.0  18311  -73.1                          70      6  420.9         420.9
   73.6  18343  -73.1                          67      8  421.6         421.6
   71.0  18556  -71.0                          45     18  430.5         430.5
   70.0  18640  -70.1                          45     18  434.1         434.1
   64.0  19171  -71.5                          75     24  442.4         442.4
   61.0  19456  -72.2                          60     29  446.9         446.9
   58.9  19663  -72.7                          77     30  450.2         450.2
   55.0  20074  -68.4                         110     32  468.9         468.9
   52.5  20353  -65.5                         108     36  481.9         481.9
   50.6  20577  -65.9                         106     40  486.1         486.1
   50.0  20650  -65.1                         105     41  489.7         489.7
   47.7  20939  -61.5                         100     44  504.9         504.9
   43.0  21582  -61.7                          90     52  519.6         519.6
   42.5  21654  -61.7                          90     52  521.3         521.3
   38.7  22235  -60.9                          87     51  537.5         537.5
   36.4  22620  -56.1                          85     51  559.3         559.3
   30.0  23850  -55.7                          80     50  592.2         592.2
   29.7  23914  -55.9                          80     49  593.4         593.4
   29.0  24066  -55.5                          80     46  598.4         598.4
   26.0  24762  -53.9                          55     12  622.0         622.0
   25.3  24936  -53.5                          36     10  628.0         628.0
   24.0  25278  -51.3                           0      7  644.0         644.0
   23.0  25553  -49.5                         250     19  657.1         657.1
   21.0  26144  -51.3                         205     26  668.9         668.9
   20.2  26396  -52.1                         209     25  674.0         674.0
   20.0  26460  -52.3                         210     25  675.3         675.3
   19.0  26792  -51.9                         215     22  686.5         686.5
   17.0  27527  -45.9                          45      5  728.1         728.1
   16.1  27886  -42.9                          32      9  749.1         749.1
   16.0  27928  -42.9                          30      9  750.3         750.3
   15.0  28362  -43.2                         335     15  763.3         763.3
   14.0  28826  -43.5                         295     27  777.4         777.4
   13.0  29325  -43.9                                     792.8         792.8
</PRE><H3>Station information and sounding indices</H3><PRE>
                         Station identifier: WAAA
                             Station number: 97180
                           Observation time: 180907/1200
                           Station latitude: -5.06
                          Station longitude: 119.55
                          Station elevation: 14.0
                            Showalter index: 11.07
                               Lifted index: 6.27
    LIFT computed using virtual temperature: 6.29
                                SWEAT index: 65.00
                                    K index: 12.90
                         Cross totals index: 3.10
                      Vertical totals index: 26.10
                        Totals totals index: 29.20
      Convective Available Potential Energy: 0.00
             CAPE using virtual temperature: 0.00
                      Convective Inhibition: 0.00
             CINS using virtual temperature: 0.00
                     Bulk Richardson Number: 0.00
          Bulk Richardson Number using CAPV: 0.00
  Temp [K] of the Lifted Condensation Level: 280.86
Pres [hPa] of the Lifted Condensation Level: 765.00
     Mean mixed layer potential temperature: 303.22
              Mean mixed layer mixing ratio: 8.73
              1000 hPa to 500 hPa thickness: 5781.00
Precipitable water [mm] for entire sounding: 27.70
</PRE>
<P>Description of the 
<A HREF="/upperair/columns.html">data columns</A>
or <A HREF="/upperair/indices.html">sounding indices</A>.

<P>
<FORM>
<INPUT CLASS="button" TYPE="button" VALUE=" Close this window " 
 onClick="window.close();">
<INPUT CLASS="button" TYPE="button" VALUE=" Select another map " 
 onClick="window.blur();">
</FORM>
<HR SIZE="1">
<I>Interested in graduate studies in atmospheric science?
Check out our program at the
<a href="http://www.uwyo.edu/atsc/howtoapply/"
target=_top>University of Wyoming
</a></I>
<HR SIZE="1"><FONT SIZE="-1">
Questions about the weather data provided by this site can be
addressed to <A HREF="mailto:ldoolman@uwyo.edu">
Larry Oolman (ldoolman@uwyo.edu)</A></FONT>
<HR SIZE="1">
<SCRIPT TYPE="text/javascript">
<!--
window.focus();
// -->
</SCRIPT>
</BODY>
</HTML>
