<HTML>
<TITLE>University of Wyoming - Radiosonde Data</TITLE>
<LINK REL="StyleSheet" HREF="/resources/select.css" TYPE="text/css">
<BODY BGCOLOR="white">
<H2>97180 WAAA Ujung Pandang Observations at 12Z 20 Aug 2018</H2>
<PRE>
-----------------------------------------------------------------------------
   PRES   HGHT   TEMP   DWPT   RELH   MIXR   DRCT   SKNT   THTA   THTE   THTV
    hPa     m      C      C      %    g/kg    deg   knot     K      K      K 
-----------------------------------------------------------------------------
 1008.0     14   28.8   24.3     77  19.41      0      0  301.3  358.7  304.8
 1000.0     86   27.8   23.2     76  18.28     10      2  300.9  354.9  304.2
  976.0    300   26.4   20.9     72  16.21     60      5  301.6  349.6  304.5
  935.0    679   23.8   16.8     65  13.04     68     12  302.7  341.6  305.1
  925.0    773   23.0   16.0     65  12.51     70     14  302.8  340.1  305.1
  912.0    896   22.3   15.7     66  12.42     75     14  303.4  340.5  305.6
  881.0   1197   20.7   14.8     69  12.19    110      6  304.7  341.3  306.9
  851.0   1499   19.1   14.0     73  11.97    105      3  306.0  342.2  308.2
  850.0   1509   19.0   14.0     73  11.96    105      3  306.0  342.2  308.2
  835.0   1662   18.0   13.0     73  11.40     76      3  306.5  341.1  308.6
  822.0   1796   17.4   11.4     68  10.39     50      3  307.2  338.9  309.2
  793.0   2103   15.9    7.7     58   8.38    340      8  308.9  334.8  310.4
  783.0   2211   15.4    6.4     55   7.76    332      8  309.4  333.5  310.9
  765.0   2408   14.0    5.0     55   7.20    317      8  310.0  332.4  311.3
  751.0   2564   13.2    6.2     63   7.98    305      8  310.8  335.6  312.3
  739.0   2699   12.9    1.9     47   5.99    295      8  311.9  330.9  313.0
  727.0   2837   12.6   -2.4     35   4.43    277      8  313.0  327.3  313.8
  713.0   2999   11.5   -2.0     39   4.66    255      7  313.5  328.5  314.4
  700.0   3153   10.4   -1.6     43   4.89    255      7  314.0  329.7  314.9
  688.0   3297    9.8   -1.2     46   5.11    255      7  314.9  331.4  315.9
  675.0   3455    9.2   -0.8     50   5.38    241      8  315.9  333.3  316.9
  639.0   3907    6.8  -16.2     18   1.70    201     10  318.2  324.1  318.5
  619.0   4167    5.0  -11.0     30   2.68    178     12  319.0  328.1  319.5
  611.0   4273    4.0   -9.0     38   3.18    169     12  319.0  329.7  319.7
  606.0   4340    3.6   -8.4     41   3.36    163     13  319.3  330.6  320.0
  605.0   4353    3.6   -9.4     38   3.12    162     13  319.5  330.0  320.1
  602.0   4393    4.0  -12.0     30   2.54    158     13  320.4  329.1  320.9
  599.0   4434    4.4  -20.6     14   1.25    154     13  321.3  325.8  321.6
  552.0   5093    0.7  -15.8     28   2.02     95     17  324.5  331.6  324.9
  544.0   5211    0.0  -15.0     31   2.20     97     17  325.1  332.8  325.5
  512.0   5692   -3.5  -14.8     41   2.39    105     16  326.4  334.8  326.9
  502.0   5849   -4.7  -14.7     46   2.45    109     17  326.9  335.5  327.4
  500.0   5880   -5.1  -15.1     45   2.38    110     17  326.8  335.1  327.2
  451.0   6682  -10.5  -22.5     37   1.40    105     24  329.8  334.9  330.0
  435.0   6960  -10.1  -40.1      7   0.27    104     26  333.7  334.8  333.7
  400.0   7600  -14.3  -44.3      6   0.19    100     32  336.3  337.1  336.4
  371.0   8168  -18.3  -44.3      8   0.20     93     33  338.3  339.2  338.4
  318.0   9294  -27.1  -47.4     13   0.17     80     35  341.3  342.0  341.3
  300.0   9720  -30.5  -48.5     16   0.16     80     37  342.3  342.9  342.3
  257.0  10793  -40.1  -52.1     27   0.12     72     45  343.6  344.1  343.6
  250.0  10980  -41.7                          70     47  343.9         343.9
  214.0  12004  -50.2                          70     49  346.4         346.4
  200.0  12450  -53.9                          70     56  347.2         347.2
  195.0  12608  -55.0                          70     57  348.1         348.1
  170.0  13467  -60.8                          90     33  352.3         352.3
  154.0  14085  -65.0                          85     33  355.3         355.3
  150.0  14250  -66.1                          95     32  356.0         356.0
  132.0  15008  -73.1                         102     28  356.8         356.8
  126.0  15277  -73.8                         105     26  360.3         360.3
  113.0  15905  -75.3                         100     17  368.8         368.8
  102.0  16496  -76.8                          60      9  376.9         376.9
  100.0  16610  -77.1                          85      6  378.5         378.5
   97.0  16784  -77.8                         125      7  380.4         380.4
   92.0  17088  -79.0                         155      6  383.8         383.8
   88.7  17297  -79.9                         165     10  386.1         386.1
   87.0  17407  -79.8                         160     10  388.5         388.5
   83.6  17634  -79.5                         100     10  393.5         393.5
   81.9  17752  -75.3                          69     10  404.4         404.4
   79.0  17962  -75.2                          15     10  408.8         408.8
   76.9  18119  -75.1                         352     11  412.2         412.2
   75.8  18203  -72.7                         339     12  418.9         418.9
   75.0  18266  -73.0                         330     12  419.5         419.5
   71.0  18587  -74.7                         335      7  422.6         422.6
   70.0  18670  -75.1                         350      8  423.4         423.4
   69.8  18687  -75.1                         353      8  423.7         423.7
   68.0  18838  -75.5                          23      8  426.1         426.1
   67.0  18925  -74.0                          40      8  431.2         431.2
   65.2  19085  -71.1                          85     15  440.8         440.8
   64.0  19195  -71.1                         115     20  443.2         443.2
   59.3  19647  -70.9                          96     26  453.4         453.4
   58.0  19780  -69.2                          90     28  460.0         460.0
   56.8  19905  -67.7                          86     30  466.2         466.2
   52.0  20435  -69.1                          70     41  474.8         474.8
   51.5  20493  -69.3                          71     41  475.7         475.7
   50.0  20670  -68.1                          75     42  482.6         482.6
   45.0  21311  -63.0                          90     50  509.7         509.7
   43.8  21475  -61.7                          91     51  516.8         516.8
   37.3  22477  -57.9                          95     54  550.8         550.8
   37.0  22527  -58.2                          95     54  551.3         551.3
   35.6  22769  -59.7                          93     56  553.6         553.6
   33.3  23187  -58.3                          90     60  567.9         567.9
   30.0  23850  -52.9                          85     65  599.8         599.8
   29.3  24003  -51.8                          80     62  607.0         607.0
   29.0  24070  -51.3                          80     62  610.1         610.1
   28.4  24205  -50.3                          80     52  616.5         616.5
   28.0  24298  -48.9                          80     45  622.9         622.9
   27.1  24513  -45.7                          53     20  637.7         637.7
   27.0  24538  -45.8                          50     17  638.2         638.2
   26.0  24786  -46.4                         325     10  643.2         643.2
   24.0  25313  -47.9                         270     21  654.0         654.0
   23.0  25593  -48.6                         245     30  659.8         659.8
   21.0  26192  -50.2                         245     19  672.3         672.3
   20.9  26224  -50.3                         242     19  672.9         672.9
   20.0  26510  -50.9                         215     20  679.6         679.6
   19.0  26846  -49.2                         190     16  694.8         694.8
   18.0  27201  -47.5                         290     11  711.2         711.2
   17.9  27238  -47.3                         291     11  712.9         712.9
   17.0  27579  -47.2                         300     12  723.7         723.7
   16.0  27980  -47.1                         265     21  736.6         736.6
   14.0  28864  -46.9                         260     34  765.9         765.9
   13.6  29055  -46.9                                     772.4         772.4
</PRE><H3>Station information and sounding indices</H3><PRE>
                         Station identifier: WAAA
                             Station number: 97180
                           Observation time: 180820/1200
                           Station latitude: -5.06
                          Station longitude: 119.55
                          Station elevation: 14.0
                            Showalter index: 0.90
                               Lifted index: -2.23
    LIFT computed using virtual temperature: -2.86
                                SWEAT index: 190.98
                                    K index: 26.10
                         Cross totals index: 19.10
                      Vertical totals index: 24.10
                        Totals totals index: 43.20
      Convective Available Potential Energy: 656.99
             CAPE using virtual temperature: 861.18
                      Convective Inhibition: -71.48
             CINS using virtual temperature: -31.84
                           Equilibrum Level: 182.73
 Equilibrum Level using virtual temperature: 182.51
                   Level of Free Convection: 755.33
             LFCT using virtual temperature: 814.96
                     Bulk Richardson Number: 410.91
          Bulk Richardson Number using CAPV: 538.62
  Temp [K] of the Lifted Condensation Level: 293.20
Pres [hPa] of the Lifted Condensation Level: 906.87
     Mean mixed layer potential temperature: 301.51
              Mean mixed layer mixing ratio: 16.65
              1000 hPa to 500 hPa thickness: 5794.00
Precipitable water [mm] for entire sounding: 41.64
</PRE>
<P>Description of the 
<A HREF="/upperair/columns.html">data columns</A>
or <A HREF="/upperair/indices.html">sounding indices</A>.

<P>
<FORM>
<INPUT CLASS="button" TYPE="button" VALUE=" Close this window " 
 onClick="window.close();">
<INPUT CLASS="button" TYPE="button" VALUE=" Select another map " 
 onClick="window.blur();">
</FORM>
<HR SIZE="1">
<I>Interested in graduate studies in atmospheric science?
Check out our program at the
<a href="http://www.uwyo.edu/atsc/howtoapply/"
target=_top>University of Wyoming
</a></I>
<HR SIZE="1"><FONT SIZE="-1">
Questions about the weather data provided by this site can be
addressed to <A HREF="mailto:ldoolman@uwyo.edu">
Larry Oolman (ldoolman@uwyo.edu)</A></FONT>
<HR SIZE="1">
<SCRIPT TYPE="text/javascript">
<!--
window.focus();
// -->
</SCRIPT>
</BODY>
</HTML>
