<HTML>
<TITLE>University of Wyoming - Radiosonde Data</TITLE>
<LINK REL="StyleSheet" HREF="/resources/select.css" TYPE="text/css">
<BODY BGCOLOR="white">
<H2>97180 WAAA Ujung Pandang Observations at 12Z 24 Aug 2018</H2>
<PRE>
-----------------------------------------------------------------------------
   PRES   HGHT   TEMP   DWPT   RELH   MIXR   DRCT   SKNT   THTA   THTE   THTV
    hPa     m      C      C      %    g/kg    deg   knot     K      K      K 
-----------------------------------------------------------------------------
 1010.0     14   29.0   22.0     66  16.79      0      0  301.3  350.9  304.3
 1000.0    100   28.0   20.0     62  14.95     30      6  301.1  345.4  303.9
  984.0    244   27.2   17.2     54  12.70     21      5  301.7  339.5  304.0
  945.0    600   23.8   18.1     70  14.04      0      4  301.8  343.4  304.3
  925.0    789   22.0   18.6     81  14.80     50      7  301.8  345.7  304.5
  913.0    901   21.2   18.2     83  14.61     55      7  302.1  345.4  304.7
  882.0   1197   19.0   17.1     89  14.09      0      1  302.8  344.7  305.3
  851.0   1504   16.7   15.9     95  13.57     80      1  303.5  344.0  306.0
  850.0   1514   16.6   15.9     96  13.55     85      1  303.5  344.0  306.0
  844.0   1575   16.4   15.2     93  13.04     56      2  303.9  342.9  306.3
  822.0   1800   16.9    7.7     54   8.07    310      6  306.8  331.6  308.3
  812.0   1905   17.2    4.2     42   6.41    285      7  308.1  328.1  309.3
  794.0   2093   16.0    3.0     42   6.00    240      9  308.8  327.6  309.9
  700.0   3153    9.0   -4.0     40   4.08    235      9  312.4  325.6  313.2
  688.0   3296    8.6   -7.9     30   3.07    235      5  313.5  323.6  314.1
  683.0   3356    8.4   -9.6     27   2.72    200      5  313.9  323.0  314.5
  663.0   3601    7.3   -9.0     30   2.94     55      3  315.4  325.1  315.9
  638.0   3917    5.8   -8.2     36   3.25     99      4  317.2  328.0  317.8
  616.0   4203    3.4   -4.2     58   4.58    140      4  317.6  332.6  318.5
  614.0   4230    3.2   -3.8     60   4.73    140      4  317.7  333.1  318.6
  575.0   4759    0.0   -6.0     64   4.27    143      8  319.9  334.1  320.8
  551.0   5100   -1.6  -12.2     44   2.74    145     11  322.0  331.4  322.6
  534.0   5350   -2.7  -16.7     33   1.95    133     13  323.5  330.4  323.9
  530.0   5409   -3.0  -15.5     37   2.18    130     13  323.9  331.5  324.4
  518.0   5591   -3.7  -11.7     54   3.03    136     14  325.2  335.6  325.8
  513.0   5667   -3.3  -17.3     33   1.93    138     15  326.6  333.4  326.9
  500.0   5870   -4.9  -15.9     42   2.23    145     16  327.0  334.9  327.4
  491.0   6011   -6.0  -15.8     46   2.28    145     14  327.4  335.4  327.8
  463.0   6468   -9.5  -15.5     62   2.49    126     10  328.5  337.3  329.0
  455.0   6602  -10.3  -17.4     56   2.15    120      9  329.2  336.8  329.6
  449.0   6704  -10.9  -18.9     52   1.92    108      9  329.7  336.6  330.1
  430.0   7034  -12.9  -17.7     67   2.23     69     10  331.2  339.2  331.7
  421.0   7194  -13.9  -18.8     67   2.08     50     11  331.9  339.4  332.4
  402.0   7543  -16.1  -21.1     65   1.78     73     15  333.5  340.0  333.9
  400.0   7580  -16.3  -21.3     65   1.76     75     15  333.7  340.1  334.1
  373.0   8102  -19.1  -34.1     25   0.58     95     21  336.7  339.0  336.9
  340.0   8783  -24.1  -38.1     26   0.42     97     27  339.0  340.7  339.1
  307.0   9516  -30.1  -36.1     56   0.57     99     34  340.6  342.9  340.7
  300.0   9680  -30.9  -38.9     45   0.44    100     35  341.7  343.5  341.8
  293.0   9848  -32.3  -40.3     45   0.39    100     35  342.0  343.6  342.1
  267.0  10495  -37.8  -43.5     55   0.31    100     35  343.2  344.4  343.2
  257.0  10761  -40.1  -44.8     61   0.28     91     34  343.6  344.8  343.6
  250.0  10950  -41.7                          85     34  343.9         343.9
  204.0  12280  -53.7                          65     39  345.6         345.6
  200.0  12410  -54.9                          65     40  345.7         345.7
  199.0  12442  -55.1                          65     41  345.9         345.9
  170.0  13434  -63.7                          54     57  347.5         347.5
  160.0  13806  -66.4                          50     63  349.0         349.0
  159.0  13844  -66.7                          51     62  349.1         349.1
  153.0  14079  -65.5                          60     57  355.0         355.0
  150.0  14200  -66.3                          65     54  355.7         355.7
  131.0  14996  -72.3                         105     35  359.1         359.1
  119.0  15560  -76.5                         111     34  361.3         361.3
  112.0  15905  -77.6                         115     34  365.4         365.4
  107.0  16165  -78.5                         110     31  368.6         368.6
  101.0  16493  -77.5                         100     23  376.7         376.7
  100.0  16550  -77.3                         100     22  378.1         378.1
   91.0  17093  -77.1                         110     22  388.8         388.8
   90.2  17144  -77.1                         105     20  389.8         389.8
   86.0  17422  -75.5                          75      9  398.4         398.4
   82.0  17700  -73.9                          95     10  407.2         407.2
   78.3  17969  -72.3                          77      5  415.9         415.9
   78.0  17992  -71.8                          75      5  417.4         417.4
   76.2  18131  -68.5                          11      5  427.0         427.0
   74.0  18307  -69.0                         290      6  429.6         429.6
   71.0  18555  -69.7                         260      5  433.2         433.2
   70.0  18640  -69.9                         245      5  434.5         434.5
   64.0  19175  -69.8                         125     11  446.0         446.0
   61.0  19462  -69.7                          90     17  452.3         452.3
   59.9  19571  -69.7                          91     19  454.7         454.7
   52.0  20431  -64.0                          95     35  486.8         486.8
   50.1  20658  -62.5                          95     43  495.5         495.5
   50.0  20670  -62.5                          95     43  495.8         495.8
   39.5  22132  -60.7                          92     49  534.9         534.9
   34.0  23079  -57.4                          90     53  566.9         566.9
   30.0  23870  -54.7                          95     47  594.9         594.9
   28.8  24131  -53.5                          94     43  605.2         605.2
   24.8  25090  -53.7                          91     30  631.0         631.0
   24.0  25302  -53.1                          90     27  638.7         638.7
   22.0  25864  -51.6                          85     15  659.3         659.3
   21.0  26165  -50.8                          60     15  670.6         670.6
   20.0  26480  -49.9                          95      6  682.7         682.7
   19.6  26612  -49.9                         111      6  686.6         686.6
   19.0  26817  -48.4                         135      5  697.3         697.3
   18.4  27028  -46.9                         203      7  708.5         708.5
   18.0  27173  -46.9                         250      8  713.0         713.0
   17.0  27552  -46.9                         270      9  724.7         724.7
   16.2  27871  -46.9                         222      6  734.8         734.8
   16.0  27954  -46.3                         210      5  739.5         739.5
   15.0  28386  -43.0                           0      1  764.1         764.1
   14.8  28476  -42.3                         340      3  769.3         769.3
   14.0  28851  -42.7                         255     12  780.2         780.2
   13.3  29197  -43.1                                     790.4         790.4
</PRE><H3>Station information and sounding indices</H3><PRE>
                         Station identifier: WAAA
                             Station number: 97180
                           Observation time: 180824/1200
                           Station latitude: -5.06
                          Station longitude: 119.55
                          Station elevation: 14.0
                            Showalter index: 0.41
                               Lifted index: 0.99
    LIFT computed using virtual temperature: 0.55
                                SWEAT index: 208.79
                                    K index: 24.40
                         Cross totals index: 20.80
                      Vertical totals index: 21.50
                        Totals totals index: 42.30
      Convective Available Potential Energy: 2.54
             CAPE using virtual temperature: 28.15
                      Convective Inhibition: -169.86
             CINS using virtual temperature: -85.03
                           Equilibrum Level: 554.17
 Equilibrum Level using virtual temperature: 432.26
                   Level of Free Convection: 596.81
             LFCT using virtual temperature: 712.65
                     Bulk Richardson Number: 0.46
          Bulk Richardson Number using CAPV: 5.14
  Temp [K] of the Lifted Condensation Level: 289.67
Pres [hPa] of the Lifted Condensation Level: 868.65
     Mean mixed layer potential temperature: 301.57
              Mean mixed layer mixing ratio: 13.86
              1000 hPa to 500 hPa thickness: 5770.00
Precipitable water [mm] for entire sounding: 42.71
</PRE>
<P>Description of the 
<A HREF="/upperair/columns.html">data columns</A>
or <A HREF="/upperair/indices.html">sounding indices</A>.

<P>
<FORM>
<INPUT CLASS="button" TYPE="button" VALUE=" Close this window " 
 onClick="window.close();">
<INPUT CLASS="button" TYPE="button" VALUE=" Select another map " 
 onClick="window.blur();">
</FORM>
<HR SIZE="1">
<I>Interested in graduate studies in atmospheric science?
Check out our program at the
<a href="http://www.uwyo.edu/atsc/howtoapply/"
target=_top>University of Wyoming
</a></I>
<HR SIZE="1"><FONT SIZE="-1">
Questions about the weather data provided by this site can be
addressed to <A HREF="mailto:ldoolman@uwyo.edu">
Larry Oolman (ldoolman@uwyo.edu)</A></FONT>
<HR SIZE="1">
<SCRIPT TYPE="text/javascript">
<!--
window.focus();
// -->
</SCRIPT>
</BODY>
</HTML>
