<HTML>
<TITLE>University of Wyoming - Radiosonde Data</TITLE>
<LINK REL="StyleSheet" HREF="/resources/select.css" TYPE="text/css">
<BODY BGCOLOR="white">
<H2>97180 WAAA Ujung Pandang Observations at 12Z 12 Aug 2018</H2>
<PRE>
-----------------------------------------------------------------------------
   PRES   HGHT   TEMP   DWPT   RELH   MIXR   DRCT   SKNT   THTA   THTE   THTV
    hPa     m      C      C      %    g/kg    deg   knot     K      K      K 
-----------------------------------------------------------------------------
 1009.0     14   29.4   23.4     70  18.34      0      0  301.8  356.1  305.1
 1000.0     96   28.4   21.4     66  16.33     10      6  301.6  349.9  304.5
  977.0    301   26.7   20.6     69  15.93     10      9  301.9  349.1  304.8
  933.0    708   23.4   19.1     77  15.15     61      8  302.5  347.5  305.2
  925.0    783   23.0   19.0     78  15.19     70      8  302.8  348.0  305.6
  913.0    896   22.2   18.6     80  15.02     85      9  303.2  347.9  305.9
  882.0   1194   20.2   17.6     85  14.58    100     10  304.1  347.7  306.7
  855.0   1463   18.4   16.7     90  14.19     96      6  304.9  347.5  307.5
  850.0   1513   18.4   16.2     87  13.82     95      5  305.4  347.0  307.9
  828.0   1738   17.2   14.9     86  13.03    103      3  306.4  345.9  308.8
  822.0   1801   17.2   13.1     77  11.64    105      2  307.0  342.4  309.2
  799.0   2043   17.0    6.0     48   7.39    175      5  309.4  332.4  310.7
  794.0   2096   16.7    5.7     48   7.26    190      6  309.6  332.2  310.9
  732.0   2785   12.2    1.2     47   5.73    194      8  311.9  330.2  313.0
  713.0   3004   11.0   -4.1     34   3.98    195      9  313.0  325.9  313.8
  700.0   3158   10.2   -7.8     27   3.05    190      8  313.8  323.8  314.3
  698.0   3182   10.2   -9.8     23   2.62    186      8  314.0  322.7  314.5
  676.0   3448    8.4   -6.6     34   3.47    137      7  314.9  326.3  315.5
  664.0   3595    7.7   -9.4     29   2.84    110      7  315.7  325.2  316.3
  621.0   4146    5.2  -19.8     14   1.29    151     17  318.9  323.5  319.2
  617.0   4199    4.9  -19.9     15   1.28    155     18  319.1  323.7  319.4
  561.0   4969    0.0  -22.0     17   1.18    155     17  322.2  326.4  322.4
  531.0   5406   -3.8  -18.0     32   1.76    155     17  322.7  328.9  323.0
  523.0   5527   -4.9  -16.9     38   1.96    151     15  322.8  329.7  323.2
  511.0   5709   -6.3  -13.3     58   2.71    145     13  323.3  332.6  323.8
  504.0   5818   -7.1  -11.1     73   3.27    132     12  323.6  334.7  324.2
  500.0   5880   -7.7  -10.2     82   3.54    125     11  323.6  335.6  324.3
  492.0   6005   -8.8  -10.0     91   3.64    110     11  323.7  336.1  324.4
  490.0   6037   -9.1  -10.0     93   3.67    109     11  323.7  336.2  324.5
  485.0   6116   -9.7  -10.1     97   3.68    105     12  324.0  336.4  324.7
  481.0   6180   -8.9  -12.3     76   3.11    103     13  325.7  336.4  326.3
  459.0   6542  -10.7  -14.2     75   2.79     88     17  327.9  337.6  328.4
  447.0   6745  -11.1  -19.1     52   1.90     79     19  329.8  336.7  330.2
  421.0   7202  -13.9  -21.9     51   1.58     60     24  331.9  337.7  332.2
  416.0   7294  -14.5  -22.5     51   1.52     64     25  332.3  337.9  332.6
  404.0   7515  -15.3  -29.3     29   0.84     72     28  334.1  337.3  334.2
  400.0   7590  -15.3  -29.3     29   0.85     75     29  335.0  338.3  335.2
  396.0   7666  -15.5  -27.5     35   1.02     75     31  335.7  339.6  335.9
  392.0   7742  -15.7  -32.7     22   0.63     75     33  336.4  338.9  336.6
  389.0   7800  -16.1  -32.1     24   0.67     75     34  336.6  339.2  336.8
  375.0   8075  -18.1  -29.1     38   0.92     73     35  337.5  341.1  337.7
  317.0   9299  -27.6  -40.9     27   0.34     65     40  341.0  342.4  341.0
  300.0   9700  -30.7  -44.7     24   0.24     80     37  342.0  343.0  342.0
  294.0   9843  -31.7  -42.7     33   0.30     84     36  342.6  343.8  342.6
  268.0  10487  -36.6  -50.6     22   0.14    105     31  344.6  345.2  344.6
  252.0  10916  -39.9  -55.9     16   0.08    101     28  345.8  346.2  345.8
  250.0  10970  -40.3                         100     28  346.0         346.0
  200.0  12460  -52.9                          70     36  348.8         348.8
  178.0  13185  -58.7                          70     43  351.1         351.1
  150.0  14250  -67.3                          90     30  354.0         354.0
  132.0  14991  -73.4                         115     37  356.3         356.3
  114.0  15841  -80.3                          95     41  358.6         358.6
  111.0  15991  -80.5                          95     42  361.0         361.0
  109.0  16093  -80.5                          95     42  362.9         362.9
  108.0  16144  -80.3                          95     43  364.2         364.2
  107.0  16197  -77.1                          95     43  371.3         371.3
  106.0  16251  -72.9                          95     43  380.2         380.2
  103.0  16418  -74.1                          95     44  381.1         381.1
  102.0  16475  -73.3                          95     44  383.7         383.7
  100.0  16590  -71.7                          85     41  388.9         388.9
   97.0  16770  -72.0                          65     32  391.7         391.7
   92.0  17083  -72.6                          15     19  396.5         396.5
   87.0  17413  -73.3                         315     18  401.6         401.6
   85.2  17536  -73.5                         301     17  403.5         403.5
   79.0  17984  -72.5                         250     14  414.4         414.4
   75.0  18291  -71.8                         200     13  422.0         422.0
   71.0  18616  -71.1                         185     21  430.2         430.2
   70.0  18700  -70.9                         175     20  432.4         432.4
   67.6  18907  -71.1                         146     22  436.3         436.3
   64.0  19234  -67.9                         100     26  450.2         450.2
   61.0  19523  -67.9                          85     26  456.4         456.4
   58.2  19806  -67.9                          94     28  462.6         462.6
   58.0  19827  -67.7                          95     28  463.5         463.5
   55.4  20105  -64.9                          85     30  476.0         476.0
   53.0  20375  -65.2                          75     32  481.2         481.2
   50.0  20730  -65.7                          85     36  488.2         488.2
   46.2  21209  -66.1                          94     40  498.4         498.4
   46.0  21236  -65.8                          95     40  499.8         499.8
   43.7  21550  -61.9                          92     42  516.7         516.7
   39.0  22251  -63.3                          85     48  530.2         530.2
   34.0  23105  -57.7                         105     53  566.1         566.1
   30.7  23753  -54.9                          97     61  590.5         590.5
   30.0  23900  -54.9                          95     63  594.4         594.4
   28.4  24249  -56.3                          92     61  599.9         599.9
   27.0  24574  -55.0                          90     59  612.3         612.3
   26.9  24598  -54.9                          90     59  613.2         613.2
   25.0  25068  -53.0                          80     32  631.5         631.5
   23.2  25548  -51.1                          83     30  650.8         650.8
   22.9  25633  -51.3                          83     30  652.6         652.6
   22.4  25778  -46.5                          84     29  671.0         671.0
   22.0  25897  -46.6                          85     29  674.1         674.1
   21.0  26205  -46.9                                     682.3         682.3
</PRE><H3>Station information and sounding indices</H3><PRE>
                         Station identifier: WAAA
                             Station number: 97180
                           Observation time: 180812/1200
                           Station latitude: -5.06
                          Station longitude: 119.55
                          Station elevation: 14.0
                            Showalter index: -3.54
                               Lifted index: -4.51
    LIFT computed using virtual temperature: -4.94
                                SWEAT index: 235.38
                                    K index: 24.30
                         Cross totals index: 23.90
                      Vertical totals index: 26.10
                        Totals totals index: 50.00
      Convective Available Potential Energy: 638.55
             CAPE using virtual temperature: 823.06
                      Convective Inhibition: -76.95
             CINS using virtual temperature: -40.61
                           Equilibrum Level: 198.52
 Equilibrum Level using virtual temperature: 198.46
                   Level of Free Convection: 716.66
             LFCT using virtual temperature: 773.05
                     Bulk Richardson Number: 31.88
          Bulk Richardson Number using CAPV: 41.09
  Temp [K] of the Lifted Condensation Level: 292.60
Pres [hPa] of the Lifted Condensation Level: 897.03
     Mean mixed layer potential temperature: 301.84
              Mean mixed layer mixing ratio: 16.16
              1000 hPa to 500 hPa thickness: 5784.00
Precipitable water [mm] for entire sounding: 43.78
</PRE>
<P>Description of the 
<A HREF="/upperair/columns.html">data columns</A>
or <A HREF="/upperair/indices.html">sounding indices</A>.

<P>
<FORM>
<INPUT CLASS="button" TYPE="button" VALUE=" Close this window " 
 onClick="window.close();">
<INPUT CLASS="button" TYPE="button" VALUE=" Select another map " 
 onClick="window.blur();">
</FORM>
<HR SIZE="1">
<I>Interested in graduate studies in atmospheric science?
Check out our program at the
<a href="http://www.uwyo.edu/atsc/howtoapply/"
target=_top>University of Wyoming
</a></I>
<HR SIZE="1"><FONT SIZE="-1">
Questions about the weather data provided by this site can be
addressed to <A HREF="mailto:ldoolman@uwyo.edu">
Larry Oolman (ldoolman@uwyo.edu)</A></FONT>
<HR SIZE="1">
<SCRIPT TYPE="text/javascript">
<!--
window.focus();
// -->
</SCRIPT>
</BODY>
</HTML>
