<HTML>
<TITLE>University of Wyoming - Radiosonde Data</TITLE>
<LINK REL="StyleSheet" HREF="/resources/select.css" TYPE="text/css">
<BODY BGCOLOR="white">
<H2>97180 WAAA Ujung Pandang Observations at 12Z 16 Aug 2018</H2>
<PRE>
-----------------------------------------------------------------------------
   PRES   HGHT   TEMP   DWPT   RELH   MIXR   DRCT   SKNT   THTA   THTE   THTV
    hPa     m      C      C      %    g/kg    deg   knot     K      K      K 
-----------------------------------------------------------------------------
 1008.0     14   29.0   22.0     66  16.82      0      0  301.5  351.2  304.5
 1000.0     78   28.2   20.2     62  15.14     15      6  301.4  346.1  304.1
  976.0    295   26.7   18.2     60  13.66    350      8  302.0  342.5  304.4
  955.0    488   25.4   16.4     57  12.43    322      6  302.5  339.6  304.8
  943.0    600   24.4   16.2     60  12.40    305      5  302.6  339.5  304.8
  925.0    770   22.8   15.8     65  12.35    310      4  302.6  339.4  304.9
  880.0   1200   18.6   14.8     78  12.16    280      4  302.6  338.9  304.8
  855.0   1449   16.2   14.2     88  12.05    338      2  302.6  338.5  304.8
  850.0   1499   15.8   14.4     91  12.28    350      2  302.7  339.3  304.9
  820.0   1804   13.9   13.7     99  12.20     10      6  303.8  340.3  306.1
  818.0   1825   13.8   13.7     99  12.19      8      6  303.9  340.4  306.1
  798.0   2034   11.6    9.1     85   9.17    350      9  303.7  331.4  305.4
  792.0   2097   11.7    8.2     79   8.69    345     10  304.5  330.8  306.1
  784.0   2182   11.8    7.0     72   8.08    332     11  305.5  330.1  306.9
  781.0   2214   12.2    7.4     72   8.34    328     12  306.2  331.7  307.8
  771.0   2323   14.0   -9.0     19   2.52    311     13  309.3  317.6  309.8
  764.0   2399   13.5   -9.0     20   2.54    300     14  309.6  317.9  310.1
  740.0   2667   11.8   -9.2     22   2.59    304     19  310.6  319.1  311.0
  726.0   2826   10.8   -7.2     28   3.08    307     23  311.1  321.2  311.7
  724.0   2849   10.8  -10.2     22   2.44    307     23  311.4  319.5  311.9
  722.0   2872   10.8  -11.2     20   2.26    308     23  311.6  319.2  312.1
  720.0   2895   10.6   -6.4     30   3.31    308     24  311.7  322.4  312.3
  719.0   2907   10.6    0.6     50   5.59    308     24  311.8  329.6  312.9
  711.0   3000   10.4   -3.2     38   4.28    310     26  312.6  326.4  313.4
  708.0   3035   10.4   -4.6     35   3.86    310     26  312.9  325.5  313.7
  702.0   3106    9.8   -0.2     50   5.40    310     26  313.1  330.3  314.1
  700.0   3130   10.0   -5.0     34   3.78    310     26  313.5  325.9  314.2
  697.0   3166   10.0   -8.0     27   3.02    308     26  313.9  323.9  314.5
  663.0   3578    7.6  -15.4     18   1.75    286     25  315.7  321.7  316.1
  661.0   3603    7.5  -15.1     18   1.79    285     25  315.9  322.1  316.3
  633.0   3958    6.6  -11.4     26   2.54    286     26  318.8  327.4  319.3
  612.0   4234    4.4   -8.6     38   3.28    288     28  319.4  330.4  320.0
  570.0   4807    1.5  -22.2     15   1.14    290     30  322.5  326.6  322.7
  550.0   5094    0.0  -29.0      9   0.64    292     25  324.0  326.4  324.1
  531.0   5374   -1.9  -19.9     24   1.49    295     20  325.0  330.4  325.3
  529.0   5404   -2.0  -21.5     21   1.30    295     19  325.2  329.9  325.5
  510.0   5694   -3.3  -37.3      5   0.31    280     16  327.1  328.3  327.2
  500.0   5850   -3.3  -40.3      4   0.23    285     10  328.9  329.9  329.0
  497.0   5898   -3.3  -38.3      5   0.28    286     10  329.5  330.6  329.6
  455.0   6588   -9.1  -28.1     20   0.84    300     12  330.7  333.9  330.9
  437.0   6903  -11.7  -23.4     37   1.34    340     14  331.2  336.1  331.5
  433.0   6975  -12.3  -22.3     43   1.49    345     14  331.3  336.8  331.6
  420.0   7208  -13.5  -24.3     40   1.28      0     12  332.6  337.4  332.9
  400.0   7580  -15.5  -27.5     35   1.01     45     18  334.8  338.6  335.0
  388.0   7810  -16.2  -33.1     22   0.61     70     23  336.8  339.1  336.9
  383.0   7907  -16.5  -35.5     18   0.49     73     24  337.6  339.6  337.7
  344.0   8708  -21.3  -42.3     13   0.27     95     35  341.6  342.8  341.7
  300.0   9700  -30.3  -44.3     24   0.25     85     38  342.6  343.6  342.6
  255.0  10835  -39.9  -53.9     21   0.10     85     40  344.6  345.1  344.7
  250.0  10970  -41.1                          85     40  344.8         344.8
  205.0  12277  -51.1                          70     53  349.3         349.3
  200.0  12440  -52.3                          75     57  349.8         349.8
  169.0  13494  -60.3                          85     47  353.8         353.8
  154.0  14075  -64.7                          95     24  355.8         355.8
  150.0  14240  -65.9                          90     18  356.4         356.4
  126.0  15270  -73.3                          40     21  361.2         361.2
  119.0  15608  -75.7                          40     22  362.7         362.7
  108.0  16167  -76.0                         130     20  372.3         372.3
  100.0  16610  -76.3                         115     32  380.1         380.1
   97.0  16788  -74.9                         105     33  386.2         386.2
   94.6  16934  -73.7                          88     30  391.2         391.2
   87.0  17421  -75.4                          30     18  397.3         397.3
   83.0  17695  -76.3                           0     14  400.8         400.8
   79.0  17983  -77.3                         335     11  404.4         404.4
   78.3  18034  -77.5                         322     10  405.1         405.1
   75.0  18282  -77.5                         260      3  410.1         410.1
   71.0  18598  -77.5                         200     15  416.6         416.6
   70.0  18680  -77.5                         200     14  418.3         418.3
   69.0  18762  -77.7                         200     12  419.6         419.6
   67.4  18897  -75.1                         200      9  428.0         428.0
   67.0  18932  -75.1                         200      8  428.6         428.6
   64.0  19197  -75.4                         130      5  433.6         433.6
   63.4  19252  -75.5                         121      6  434.7         434.7
   61.0  19478  -71.8                          85     11  447.8         447.8
   60.2  19555  -70.5                          86     13  452.3         452.3
   50.0  20670  -65.3                          95     40  489.2         489.2
   46.9  21063  -61.3                          93     46  507.8         507.8
   43.0  21600  -62.7                          90     53  517.2         517.2
   41.8  21775  -63.1                          90     54  520.3         520.3
   30.4  23766  -56.3                          95     64  588.3         588.3
   30.0  23850  -56.1                          95     64  591.1         591.1
   29.3  24002  -54.7                          95     65  598.8         598.8
   29.0  24068  -54.1                          95     65  602.2         602.2
   27.5  24409  -51.1                          84     46  620.0         620.0
   27.0  24529  -50.9                          80     40  623.9         623.9
   26.0  24775  -50.3                          65     16  632.1         632.1
   24.1  25270  -49.3                         283      7  649.0         649.0
   24.0                                       275      6                     
</PRE><H3>Station information and sounding indices</H3><PRE>
                         Station identifier: WAAA
                             Station number: 97180
                           Observation time: 180816/1200
                           Station latitude: -5.06
                          Station longitude: 119.55
                          Station elevation: 14.0
                            Showalter index: 3.90
                               Lifted index: 2.26
    LIFT computed using virtual temperature: 1.48
                                SWEAT index: 186.81
                                    K index: 18.50
                         Cross totals index: 17.70
                      Vertical totals index: 19.10
                        Totals totals index: 36.80
      Convective Available Potential Energy: 22.62
             CAPE using virtual temperature: 38.10
                      Convective Inhibition: -20.98
             CINS using virtual temperature: -11.94
                           Equilibrum Level: 778.54
 Equilibrum Level using virtual temperature: 422.85
                   Level of Free Convection: 853.53
             LFCT using virtual temperature: 859.43
                     Bulk Richardson Number: 1.32
          Bulk Richardson Number using CAPV: 2.23
  Temp [K] of the Lifted Condensation Level: 289.81
Pres [hPa] of the Lifted Condensation Level: 867.10
     Mean mixed layer potential temperature: 301.88
              Mean mixed layer mixing ratio: 14.02
              1000 hPa to 500 hPa thickness: 5772.00
Precipitable water [mm] for entire sounding: 36.42
</PRE>
<P>Description of the 
<A HREF="/upperair/columns.html">data columns</A>
or <A HREF="/upperair/indices.html">sounding indices</A>.

<P>
<FORM>
<INPUT CLASS="button" TYPE="button" VALUE=" Close this window " 
 onClick="window.close();">
<INPUT CLASS="button" TYPE="button" VALUE=" Select another map " 
 onClick="window.blur();">
</FORM>
<HR SIZE="1">
<I>Interested in graduate studies in atmospheric science?
Check out our program at the
<a href="http://www.uwyo.edu/atsc/howtoapply/"
target=_top>University of Wyoming
</a></I>
<HR SIZE="1"><FONT SIZE="-1">
Questions about the weather data provided by this site can be
addressed to <A HREF="mailto:ldoolman@uwyo.edu">
Larry Oolman (ldoolman@uwyo.edu)</A></FONT>
<HR SIZE="1">
<SCRIPT TYPE="text/javascript">
<!--
window.focus();
// -->
</SCRIPT>
</BODY>
</HTML>
