<HTML>
<TITLE>University of Wyoming - Radiosonde Data</TITLE>
<LINK REL="StyleSheet" HREF="/resources/select.css" TYPE="text/css">
<BODY BGCOLOR="white">
<H2>97180 WAAA Ujung Pandang Observations at 12Z 10 Sep 2018</H2>
<PRE>
-----------------------------------------------------------------------------
   PRES   HGHT   TEMP   DWPT   RELH   MIXR   DRCT   SKNT   THTA   THTE   THTV
    hPa     m      C      C      %    g/kg    deg   knot     K      K      K 
-----------------------------------------------------------------------------
 1012.0     14   29.2   19.2     55  14.04      0      0  301.3  342.9  303.9
 1004.0     81   30.0   13.0     35   9.45     70      7  302.8  331.2  304.5
 1000.0    114   29.8   12.8     35   9.37    105     10  302.9  331.1  304.7
  979.0    301   28.3   11.6     35   8.83     95     14  303.3  330.0  304.9
  925.0    800   24.4    8.4     36   7.53     90     23  304.2  327.2  305.6
  918.0    866   23.8    8.8     38   7.80     91     23  304.3  328.0  305.7
  869.0   1344   22.2   -5.8     15   2.87    102     23  307.4  316.7  308.0
  854.0   1494   20.8   -7.2     15   2.62    105     23  307.5  316.0  308.0
  850.0   1535   20.4   -7.6     14   2.55    110     22  307.5  315.8  308.0
  801.0   2044   16.0  -10.0     16   2.24    115     21  308.1  315.4  308.5
  796.0   2097   16.0  -11.8     14   1.95    115     21  308.6  315.1  309.0
  774.0   2336   16.0  -20.0      7   1.02    116     22  311.1  314.6  311.3
  700.0   3181   10.0  -24.0      7   0.79    120     24  313.5  316.3  313.7
  679.0   3433    8.2  -24.8      8   0.76    119     22  314.3  317.0  314.4
  618.0   4199    3.4  -30.4      6   0.49    115     17  317.3  319.1  317.4
  602.0   4413    2.0  -32.0      6   0.44    114     19  318.1  319.7  318.2
  553.0   5094    0.0  -40.0      3   0.21    112     25  323.5  324.4  323.6
  512.0   5704   -4.9  -44.0      3   0.15    110     31  324.8  325.4  324.8
  509.0   5750   -5.3  -44.3      3   0.15    110     30  324.9  325.4  324.9
  500.0   5890   -6.1  -45.1      3   0.14    110     28  325.5  326.1  325.6
  482.0   6175   -7.3  -40.3      5   0.24    106     25  327.5  328.4  327.5
  456.0   6603  -10.3  -26.2     26   1.00    100     21  329.0  332.7  329.2
  446.0   6773  -11.5  -20.5     47   1.69    100     24  329.5  335.6  329.9
  440.0   6877  -11.3  -29.3     21   0.77    100     25  331.1  334.0  331.2
  419.0   7249  -13.5  -36.5     13   0.40    100     31  332.9  334.5  333.0
  406.0   7488  -14.9  -32.4     21   0.62    100     35  334.2  336.6  334.3
  400.0   7600  -15.5  -30.5     26   0.76     95     34  334.8  337.7  334.9
  395.0   7695  -15.9  -29.9     29   0.81     94     33  335.4  338.6  335.6
  385.0   7889  -15.7  -42.7      8   0.23     91     30  338.2  339.1  338.2
  360.0   8388  -19.9  -40.7     14   0.31     85     24  339.1  340.4  339.2
  331.0   9011  -25.1  -38.1     29   0.43     73     27  340.2  342.0  340.3
  300.0   9720  -30.5  -47.5     17   0.18     60     31  342.3  343.0  342.3
  292.0   9908  -32.2  -48.5     18   0.16     65     29  342.5  343.2  342.6
  258.0  10767  -39.9  -52.9     24   0.11     65     25  343.5  344.0  343.5
  250.0  10980  -41.7                          65     24  343.9         343.9
  246.0  11087  -42.6                          65     23  344.2         344.2
  205.0  12296  -52.5                          80     22  346.9         346.9
  200.0  12460  -53.9                          80     21  347.2         347.2
  160.0  13844  -66.5                          96     34  348.8         348.8
  150.0  14230  -69.5                         100     38  350.2         350.2
  139.0  14673  -72.2                          95     43  353.1         353.1
  118.0  15625  -78.1                          80     37  359.2         359.2
  107.0  16184  -77.2                          60     17  371.2         371.2
  101.0  16513  -76.6                         290      5  378.4         378.4
  100.0  16570  -76.5                         280      6  379.7         379.7
   96.0  16808  -75.4                         215      9  386.3         386.3
   91.0  17120  -73.9                         165     13  395.2         395.2
   87.8  17328  -72.9                          61      9  401.3         401.3
   87.0  17382  -73.1                          35      8  402.0         402.0
   83.0  17657  -73.9                           0     10  405.8         405.8
   78.0  18020  -74.9                           5     13  410.9         410.9
   74.6  18280  -75.7                          52      9  414.5         414.5
   74.0  18327  -75.6                          60      8  415.7         415.7
   70.0  18650  -74.9                          95     15  423.8         423.8
   67.0  18903  -75.6                         110     17  427.6         427.6
   62.6  19294  -76.7                          98     26  433.6         433.6
   60.0  19541  -73.9                          90     32  445.2         445.2
   57.9  19748  -71.5                          86     35  455.1         455.1
   55.0  20050  -72.6                          80     40  459.4         459.4
   54.2  20136  -72.9                          85     41  460.6         460.6
   52.0  20379  -72.0                         100     45  468.1         468.1
   50.2  20586  -71.3                         104     47  474.5         474.5
   50.0  20610  -71.3                         105     47  475.1         475.1
   48.3  20816  -67.1                         102     50  489.8         489.8
   42.5  21593  -63.1                          92     62  517.9         517.9
   39.0  22119  -63.6                          85     70  529.3         529.3
   38.7  22167  -63.7                          85     70  530.4         530.4
   38.5  22199  -63.3                          85     70  532.1         532.1
   34.6  22864  -55.9                          85     69  568.0         568.0
   32.0  23365  -52.9                          85     68  588.8         588.8
   30.5  23673  -51.1                          92     54  601.9         601.9
   30.0  23780  -51.1                          95     49  604.7         604.7
   27.0  24470  -48.8                          95     18  629.6         629.6
   25.4  24870  -47.5                          87     10  644.5         644.5
   25.0  24974  -47.6                          85      8  647.0         647.0
   24.0  25242  -48.0                         255     11  653.6         653.6
   23.0  25522  -48.3                         245     15  660.6         660.6
   21.0  26119  -49.1                         275     19  675.7         675.7
   20.0  26440  -49.5                         250     19  683.9         683.9
   19.3  26673  -49.9                         240     20  689.7         689.7
   19.0                                       235     20                     
</PRE><H3>Station information and sounding indices</H3><PRE>
                         Station identifier: WAAA
                             Station number: 97180
                           Observation time: 180910/1200
                           Station latitude: -5.06
                          Station longitude: 119.55
                          Station elevation: 14.0
                            Showalter index: 12.75
                               Lifted index: 4.85
    LIFT computed using virtual temperature: 4.35
                                SWEAT index: 72.01
                                    K index: -15.10
                         Cross totals index: -1.50
                      Vertical totals index: 26.50
                        Totals totals index: 25.00
      Convective Available Potential Energy: 0.00
             CAPE using virtual temperature: 0.00
                      Convective Inhibition: 0.00
             CINS using virtual temperature: 0.00
                     Bulk Richardson Number: 0.00
          Bulk Richardson Number using CAPV: 0.00
  Temp [K] of the Lifted Condensation Level: 281.83
Pres [hPa] of the Lifted Condensation Level: 775.09
     Mean mixed layer potential temperature: 303.12
              Mean mixed layer mixing ratio: 9.27
              1000 hPa to 500 hPa thickness: 5776.00
Precipitable water [mm] for entire sounding: 15.81
</PRE>
<P>Description of the 
<A HREF="/upperair/columns.html">data columns</A>
or <A HREF="/upperair/indices.html">sounding indices</A>.

<P>
<FORM>
<INPUT CLASS="button" TYPE="button" VALUE=" Close this window " 
 onClick="window.close();">
<INPUT CLASS="button" TYPE="button" VALUE=" Select another map " 
 onClick="window.blur();">
</FORM>
<HR SIZE="1">
<I>Interested in graduate studies in atmospheric science?
Check out our program at the
<a href="http://www.uwyo.edu/atsc/howtoapply/"
target=_top>University of Wyoming
</a></I>
<HR SIZE="1"><FONT SIZE="-1">
Questions about the weather data provided by this site can be
addressed to <A HREF="mailto:ldoolman@uwyo.edu">
Larry Oolman (ldoolman@uwyo.edu)</A></FONT>
<HR SIZE="1">
<SCRIPT TYPE="text/javascript">
<!--
window.focus();
// -->
</SCRIPT>
</BODY>
</HTML>
