<HTML>
<TITLE>University of Wyoming - Radiosonde Data</TITLE>
<LINK REL="StyleSheet" HREF="/resources/select.css" TYPE="text/css">
<BODY BGCOLOR="white">
<H2>97180 WAAA Ujung Pandang Observations at 12Z 02 Aug 2018</H2>
<PRE>
-----------------------------------------------------------------------------
   PRES   HGHT   TEMP   DWPT   RELH   MIXR   DRCT   SKNT   THTA   THTE   THTV
    hPa     m      C      C      %    g/kg    deg   knot     K      K      K 
-----------------------------------------------------------------------------
 1011.0     14   27.8   20.8     66  15.55    220      4  300.0  345.8  302.8
 1010.0     23   26.4   21.4     74  16.17    217      5  298.7  346.0  301.6
 1000.0    112   25.8   20.8     74  15.73    185     13  298.9  345.0  301.8
  979.0    297   24.8   19.8     74  15.08    165     15  299.7  344.0  302.4
  925.0    791   22.0   17.1     74  13.44    125      8  301.8  341.7  304.2
  914.0    895   21.4   16.7     74  13.22    130      9  302.2  341.5  304.6
  898.0   1049   20.6   16.0     75  12.90    125      6  302.9  341.4  305.3
  883.0   1195   19.5   15.4     77  12.60    120      4  303.2  340.9  305.5
  852.0   1504   17.1   14.1     82  12.00    260      3  303.9  339.9  306.1
  850.0   1524   17.0   14.0     83  11.96    260      3  303.9  339.8  306.1
  822.0   1809   14.8   13.9     94  12.29    196      3  304.5  341.4  306.8
  802.0   2018   13.8    9.6     76   9.44    149      2  305.6  334.3  307.4
  794.0   2102   13.3    9.6     78   9.52    130      2  306.0  334.9  307.7
  771.0   2349   11.8    9.5     86   9.76    126      3  306.9  336.7  308.7
  768.0   2382   11.8    7.8     76   8.72    125      3  307.3  334.0  308.9
  766.0   2404   12.0    7.0     71   8.27    125      3  307.7  333.1  309.2
  765.0   2415   12.4    1.4     47   5.57    127      3  308.3  325.7  309.3
  751.0   2569   12.2   -6.8     26   3.07    150      3  309.7  319.6  310.2
  713.0   3001   10.1  -10.3     23   2.45    215      3  312.0  320.2  312.5
  700.0   3154    9.4  -11.6     21   2.26    290      3  312.9  320.4  313.3
  688.0   3296    8.7  -13.2     20   2.02    285      3  313.7  320.5  314.1
  663.0   3601    7.3  -16.6     16   1.58    195      2  315.4  320.8  315.7
  639.0   3904    5.9  -20.1     14   1.22    200      4  317.1  321.4  317.3
  638.0   3917    5.8  -20.2     13   1.21    202      4  317.2  321.4  317.4
  616.0   4201    3.8  -22.2     13   1.05    235      3  318.1  321.8  318.3
  595.0   4483    1.8  -24.2     13   0.91    354      4  318.9  322.2  319.1
  594.0   4496    1.8  -24.1     13   0.92      0      4  319.0  322.4  319.2
  551.0   5099    0.1  -20.3     20   1.39     75      2  324.0  329.0  324.3
  548.0   5143    0.0  -20.0     21   1.43     70      2  324.4  329.5  324.6
  536.0   5320   -1.5  -13.5     40   2.53     49      4  324.6  333.4  325.1
  531.0   5394   -1.9  -13.4     41   2.58     40      5  325.0  333.9  325.5
  511.0   5698   -3.8  -12.9     49   2.78     25      4  326.3  336.0  326.9
  510.0   5714   -3.9  -12.9     50   2.79     29      4  326.4  336.1  326.9
  500.0   5870   -4.3  -15.3     42   2.34     65      7  327.7  336.0  328.2
  473.0   6305   -7.1  -28.5     16   0.78    100      3  329.5  332.5  329.7
  469.0   6372   -7.5  -30.5     14   0.65     99      3  329.8  332.3  329.9
  457.0   6573   -9.1  -22.1     34   1.43     96      4  330.3  335.5  330.5
  438.0   6898  -11.4  -22.5     40   1.44     90      5  331.3  336.6  331.6
  421.0   7202  -13.6  -22.9     46   1.45     50      7  332.3  337.6  332.6
  419.0   7239  -13.9  -22.9     47   1.46     48      7  332.4  337.8  332.7
  405.0   7496  -15.4  -26.6     38   1.08     35     11  333.7  337.8  334.0
  400.0   7590  -15.9  -27.9     35   0.97     35      9  334.2  337.9  334.4
  389.0   7799  -16.5  -33.4     22   0.59    110      5  336.1  338.4  336.2
  382.0   7936  -16.9  -36.9     16   0.43    105      8  337.4  339.1  337.4
  359.0   8398  -19.8  -39.8     15   0.34     90     20  339.5  340.9  339.6
  358.0   8419  -19.9  -39.9     15   0.33     91     20  339.6  341.0  339.7
  318.0   9278  -27.0  -45.0     17   0.22    115     25  341.5  342.4  341.5
  300.0   9700  -30.5  -47.5     17   0.18    110     26  342.3  343.0  342.3
  299.0   9724  -30.7  -47.7     17   0.17    109     26  342.3  343.1  342.4
  280.0  10187  -34.7  -40.7     54   0.39     95     26  343.1  344.7  343.1
  268.0  10492  -36.9  -40.8     67   0.41     81     31  344.2  345.8  344.2
  252.0  10916  -39.9  -44.9     59   0.28     62     37  345.8  347.0  345.9
  250.0  10970  -40.5                          60     38  345.7         345.7
  235.0  11380  -44.1                          50     40  346.4         346.4
  200.0  12450  -53.5                          50     51  347.9         347.9
  187.0  12876  -57.5                          59     50  348.2         348.2
  178.0  13185  -58.6                          65     49  351.4         351.4
  169.0  13509  -59.7                          67     41  354.7         354.7
  150.0  14240  -66.3                          70     22  355.7         355.7
  146.0  14397  -67.6                          70     21  356.2         356.2
  113.0  15886  -79.7                          65     22  360.6         360.6
  107.0  16203  -82.3                          80     21  361.4         361.4
  102.0  16470  -82.2                         100     26  366.7         366.7
  100.0  16580  -82.1                         100     29  368.9         368.9
   93.1  16981  -80.7                          90     25  379.2         379.2
   91.0  17111  -77.3                          86     24  388.4         388.4
   87.0  17371  -76.3                          80     21  395.4         395.4
   82.0  17713  -75.0                         150     18  404.8         404.8
   78.0  18002  -74.0                         160     16  412.9         412.9
   77.8  18017  -73.9                         163     16  413.3         413.3
   76.1  18146  -71.1                         190     15  421.8         421.8
   74.0  18312  -71.2                         225     14  425.0         425.0
   71.0  18556  -71.3                         195     16  429.8         429.8
   70.0  18640  -70.5                         190     14  433.2         433.2
   67.7  18840  -67.7                         125     12  443.4         443.4
   67.0  18902  -67.7                         105     12  444.8         444.8
   61.0  19467  -67.4                          55     22  457.6         457.6
   59.9  19576  -67.3                                     460.1         460.1
</PRE><H3>Station information and sounding indices</H3><PRE>
                         Station identifier: WAAA
                             Station number: 97180
                           Observation time: 180802/1200
                           Station latitude: -5.06
                          Station longitude: 119.55
                          Station elevation: 14.0
                            Showalter index: 2.68
                               Lifted index: 0.91
    LIFT computed using virtual temperature: 0.45
                                SWEAT index: 180.98
                                    K index: 14.30
                         Cross totals index: 18.30
                      Vertical totals index: 21.30
                        Totals totals index: 39.60
      Convective Available Potential Energy: 14.62
             CAPE using virtual temperature: 109.19
                      Convective Inhibition: -64.91
             CINS using virtual temperature: -53.02
                           Equilibrum Level: 400.77
 Equilibrum Level using virtual temperature: 396.24
                   Level of Free Convection: 825.75
             LFCT using virtual temperature: 831.89
                     Bulk Richardson Number: 1.18
          Bulk Richardson Number using CAPV: 8.80
  Temp [K] of the Lifted Condensation Level: 291.95
Pres [hPa] of the Lifted Condensation Level: 913.51
     Mean mixed layer potential temperature: 299.61
              Mean mixed layer mixing ratio: 15.21
              1000 hPa to 500 hPa thickness: 5758.00
Precipitable water [mm] for entire sounding: 39.10
</PRE>
<P>Description of the 
<A HREF="/upperair/columns.html">data columns</A>
or <A HREF="/upperair/indices.html">sounding indices</A>.

<P>
<FORM>
<INPUT CLASS="button" TYPE="button" VALUE=" Close this window " 
 onClick="window.close();">
<INPUT CLASS="button" TYPE="button" VALUE=" Select another map " 
 onClick="window.blur();">
</FORM>
<HR SIZE="1">
<I>Interested in graduate studies in atmospheric science?
Check out our program at the
<a href="http://www.uwyo.edu/atsc/howtoapply/"
target=_top>University of Wyoming
</a></I>
<HR SIZE="1"><FONT SIZE="-1">
Questions about the weather data provided by this site can be
addressed to <A HREF="mailto:ldoolman@uwyo.edu">
Larry Oolman (ldoolman@uwyo.edu)</A></FONT>
<HR SIZE="1">
<SCRIPT TYPE="text/javascript">
<!--
window.focus();
// -->
</SCRIPT>
</BODY>
</HTML>
