<HTML>
<TITLE>University of Wyoming - Radiosonde Data</TITLE>
<LINK REL="StyleSheet" HREF="/resources/select.css" TYPE="text/css">
<BODY BGCOLOR="white">
<H2>97180 WAAA Ujung Pandang Observations at 12Z 22 Aug 2018</H2>
<PRE>
-----------------------------------------------------------------------------
   PRES   HGHT   TEMP   DWPT   RELH   MIXR   DRCT   SKNT   THTA   THTE   THTV
    hPa     m      C      C      %    g/kg    deg   knot     K      K      K 
-----------------------------------------------------------------------------
 1008.0     14   29.8   23.8     70  18.82     30      2  302.3  358.2  305.6
 1007.0     22   28.8   22.8     70  17.70     29      3  301.4  353.7  304.5
 1000.0     81   28.4   21.4     66  16.33     20      7  301.6  349.9  304.5
  976.0    296   26.7   20.4     69  15.76     15     10  301.9  348.6  304.8
  927.0    752   23.0   18.4     75  14.58     44      9  302.6  346.0  305.3
  925.0    771   22.8   18.3     76  14.52     45      9  302.6  345.8  305.2
  880.0   1207   20.9   16.4     76  13.54     70      5  304.9  345.6  307.4
  870.0   1306   20.4   16.0     76  13.32    111      4  305.5  345.6  307.9
  851.0   1498   18.9   15.1     78  12.80    190      2  305.8  344.4  308.2
  850.0   1508   18.8   15.0     79  12.77    185      2  305.8  344.4  308.2
  821.0   1805   16.4   14.3     87  12.67    130      4  306.4  344.7  308.7
  811.0   1910   15.6   14.1     91  12.63    148      4  306.6  344.8  308.9
  793.0   2101   16.2    4.6     46   6.75    180      5  309.2  330.2  310.4
  787.0   2165   16.4    1.4     36   5.41    181      5  310.1  327.2  311.1
  742.0   2663   14.4   -5.6     25   3.41    193      7  313.1  324.3  313.8
  718.0   2939   12.0   -1.0     41   4.98    199      9  313.5  329.5  314.4
  713.0   2997   11.8   -2.0     38   4.64    200      9  313.8  328.8  314.7
  700.0   3151   11.2   -4.8     32   3.84    195      6  314.9  327.4  315.6
  687.0   3307   10.4  -10.1     23   2.59    175      2  315.7  324.4  316.2
  680.0   3393   10.0  -13.0     18   2.08    148      2  316.1  323.2  316.5
  663.0   3602    8.4   -9.2     28   2.88     80      1  316.7  326.3  317.2
  639.0   3906    6.2   -3.8     49   4.54    165      1  317.5  332.4  318.3
  633.0   3984    5.6   -2.4     56   5.09    139      2  317.7  334.3  318.6
  616.0   4206    4.3   -3.7     56   4.73     65      3  318.6  334.1  319.5
  598.0   4448    2.8   -5.2     56   4.37     53      9  319.6  334.1  320.5
  594.0   4503    2.5   -6.1     53   4.10     50     10  319.9  333.5  320.7
  561.0   4964    0.0  -14.0     34   2.32     80     10  322.2  330.2  322.6
  551.0   5107   -0.6  -16.8     28   1.88     90     10  323.1  329.7  323.5
  520.0   5570   -2.7  -25.7     15   0.91     63     12  326.0  329.4  326.2
  511.0   5708   -3.5  -20.8     25   1.43     55     12  326.7  331.9  327.0
  501.0   5864   -4.3  -15.3     42   2.34     64      9  327.5  335.8  328.0
  500.0   5880   -4.5  -14.5     46   2.50     65      9  327.5  336.3  328.0
  492.0   6007   -5.3  -18.3     35   1.85     75      7  328.0  334.7  328.4
  484.0   6135   -6.1  -22.1     27   1.35     66      9  328.6  333.5  328.9
  456.0   6598   -9.1  -18.8     45   1.92     35     18  330.4  337.3  330.8
  449.0   6719   -9.9  -17.9     52   2.10     37     19  330.9  338.4  331.3
  426.0   7122  -12.9  -19.9     56   1.86     44     24  332.1  338.9  332.5
  405.0   7506  -14.8  -27.4     33   1.00     50     28  334.4  338.2  334.6
  400.0   7600  -15.3  -29.3     29   0.85     55     30  335.0  338.3  335.2
  396.0   7676  -15.9  -30.9     26   0.74     59     30  335.2  338.1  335.4
  388.0   7829  -15.5  -43.5      7   0.21     66     30  337.7  338.6  337.7
  374.0   8103  -17.4  -46.9      6   0.15     80     30  338.8  339.4  338.8
  353.0   8534  -20.3  -52.3      4   0.09     84     32  340.5  340.8  340.5
  318.0   9289  -27.0  -51.3      8   0.11     90     36  341.5  342.0  341.5
  300.0   9710  -30.7  -50.7     12   0.12     95     35  342.0  342.5  342.0
  255.0  10845  -40.1  -59.1     11   0.05     91     34  344.4  344.6  344.4
  250.0  10980  -41.1                          90     34  344.8         344.8
  224.0  11703  -47.3                          90     35  346.3         346.3
  200.0  12450  -53.7                          80     45  347.6         347.6
  188.0  12845  -57.5                          72     48  347.6         347.6
  178.0  13188  -59.1                          65     50  350.5         350.5
  164.0  13702  -61.5                          62     29  354.8         354.8
  154.0  14088  -64.9                          60     13  355.4         355.4
  150.0  14250  -66.3                          60      7  355.7         355.7
  132.0  14996  -71.4                         345      5  359.8         359.8
  126.0  15268  -73.3                          20      7  361.2         361.2
  113.0  15904  -77.6                          55     19  364.6         364.6
  110.0  16061  -78.7                          55     18  365.3         365.3
  107.0  16217  -78.8                          45     10  368.1         368.1
  102.0  16488  -78.9                         165     10  373.0         373.0
  100.0  16600  -78.9                         160     15  375.0         375.0
   87.1  17385  -79.7                         105     22  388.5         388.5
   87.0  17391  -79.7                         105     22  388.6         388.6
   85.3  17503  -79.9                          71     19  390.4         390.4
   84.8  17537  -77.5                          61     19  396.0         396.0
   83.0  17661  -76.4                          25     16  400.6         400.6
   80.2  17859  -74.7                          25     12  408.1         408.1
   78.0  18020  -75.4                          25      9  409.8         409.8
   74.3  18301  -76.7                          62     10  412.9         412.9
   74.0  18325  -76.0                          65     10  414.8         414.8
   73.1  18396  -73.9                          63     12  420.7         420.7
   70.0  18650  -72.1                          55     20  429.8         429.8
   67.7  18848  -68.1                          55     24  442.6         442.6
   67.0  18911  -67.9                          55     25  444.4         444.4
   64.0  19188  -66.8                          80     30  452.5         452.5
   58.0  19784  -64.6                          90     37  470.4         470.4
   57.7  19815  -64.5                          92     37  471.4         471.4
   55.0  20108  -64.4                         115     40  478.0         478.0
   50.0  20690  -64.3                          95     47  491.5         491.5
   49.0  20814  -65.1                          94     47  492.5         492.5
   43.0  21614  -64.0                          90     45  513.9         513.9
   39.5  22134  -63.3                          90     48  528.3         528.3
   34.3  23012  -58.7                          90     53  562.1         562.1
   30.0  23860  -56.1                          90     58  591.1         591.1
   29.0  24075  -55.3                          90     55  599.0         599.0
   28.7  24141  -55.1                          89     54  601.4         601.4
   24.5  25152  -54.1                          80     33  632.1         632.1
   21.0  26145  -51.5                          70     13  668.3         668.3
   20.0  26460  -50.7                          35      5  680.2         680.2
   19.4  26660  -47.9                         136      6  694.8         694.8
   19.0  26797  -47.8                         205      7  699.2         699.2
   18.0  27154  -47.6                         190     21  710.7         710.7
   17.3  27416  -47.5                         138     13  719.2         719.2
   17.0  27531  -47.5                         115     10  722.8         722.8
   16.9  27570  -47.5                          99     10  724.0         724.0
   16.4  27770  -43.9                          17     10  741.9         741.9
   16.0  27937  -42.6                         310     10  751.5         751.5
   15.8  28021  -41.9                         301     13  756.4         756.4
   15.0  28372  -42.4                         265     26  766.1         766.1
   14.2  28742  -42.9                                     776.5         776.5
</PRE><H3>Station information and sounding indices</H3><PRE>
                         Station identifier: WAAA
                             Station number: 97180
                           Observation time: 180822/1200
                           Station latitude: -5.06
                          Station longitude: 119.55
                          Station elevation: 14.0
                            Showalter index: 0.65
                               Lifted index: -1.11
    LIFT computed using virtual temperature: -1.68
                                SWEAT index: 193.00
                                    K index: 22.30
                         Cross totals index: 19.50
                      Vertical totals index: 23.30
                        Totals totals index: 42.80
      Convective Available Potential Energy: 424.66
             CAPE using virtual temperature: 569.56
                      Convective Inhibition: -59.00
             CINS using virtual temperature: -45.53
                           Equilibrum Level: 184.38
 Equilibrum Level using virtual temperature: 184.35
                   Level of Free Convection: 813.17
             LFCT using virtual temperature: 820.17
                     Bulk Richardson Number: 60.69
          Bulk Richardson Number using CAPV: 81.40
  Temp [K] of the Lifted Condensation Level: 292.37
Pres [hPa] of the Lifted Condensation Level: 894.46
     Mean mixed layer potential temperature: 301.85
              Mean mixed layer mixing ratio: 15.96
              1000 hPa to 500 hPa thickness: 5799.00
Precipitable water [mm] for entire sounding: 42.83
</PRE>
<P>Description of the 
<A HREF="/upperair/columns.html">data columns</A>
or <A HREF="/upperair/indices.html">sounding indices</A>.

<P>
<FORM>
<INPUT CLASS="button" TYPE="button" VALUE=" Close this window " 
 onClick="window.close();">
<INPUT CLASS="button" TYPE="button" VALUE=" Select another map " 
 onClick="window.blur();">
</FORM>
<HR SIZE="1">
<I>Interested in graduate studies in atmospheric science?
Check out our program at the
<a href="http://www.uwyo.edu/atsc/howtoapply/"
target=_top>University of Wyoming
</a></I>
<HR SIZE="1"><FONT SIZE="-1">
Questions about the weather data provided by this site can be
addressed to <A HREF="mailto:ldoolman@uwyo.edu">
Larry Oolman (ldoolman@uwyo.edu)</A></FONT>
<HR SIZE="1">
<SCRIPT TYPE="text/javascript">
<!--
window.focus();
// -->
</SCRIPT>
</BODY>
</HTML>
