<HTML>
<TITLE>University of Wyoming - Radiosonde Data</TITLE>
<LINK REL="StyleSheet" HREF="/resources/select.css" TYPE="text/css">
<BODY BGCOLOR="white">
<H2>97180 WAAA Ujung Pandang Observations at 12Z 17 Aug 2018</H2>
<PRE>
-----------------------------------------------------------------------------
   PRES   HGHT   TEMP   DWPT   RELH   MIXR   DRCT   SKNT   THTA   THTE   THTV
    hPa     m      C      C      %    g/kg    deg   knot     K      K      K 
-----------------------------------------------------------------------------
 1008.0     14   28.4   21.4     66  16.20     60      2  300.9  348.7  303.8
 1000.0     85   27.8   20.8     66  15.73    190      4  300.9  347.4  303.8
  976.0    301   26.7   19.7     65  15.02    180      3  301.9  346.5  304.6
  945.0    587   25.2   18.2     65  14.12    257      3  303.2  345.3  305.8
  944.0    597   25.1   18.2     65  14.11    260      3  303.2  345.3  305.8
  925.0    776   23.6   17.6     69  13.88    280      3  303.4  344.9  306.0
  912.0    898   22.5   17.3     73  13.84    290      3  303.5  344.9  306.1
  881.0   1196   19.8   16.7     82  13.74    265      1  303.7  344.8  306.2
  850.0   1504   17.0   16.0     94  13.64    130      2  303.9  344.7  306.4
  828.0   1728   15.2   15.0     99  13.12     17      4  304.3  343.6  306.7
  822.0   1790   14.0   11.6     85  10.54    345      5  303.7  335.3  305.6
  821.0   1800   14.3   11.4     83  10.45    340      5  304.1  335.6  306.0
  814.0   1873   16.4   10.4     68   9.82    332      7  307.1  337.1  308.9
  792.0   2105   14.8    6.4     57   7.66    305     13  307.7  331.4  309.2
  777.0   2268   13.6    3.6     51   6.42    306     14  308.2  328.2  309.4
  727.0   2825    9.4    7.8     90   9.21    308     19  309.5  337.9  311.2
  710.0   3021    8.6    6.1     84   8.38    309     21  310.7  336.8  312.3
  705.0   3080    9.0   -1.0     50   5.07    310     21  311.8  328.0  312.7
  700.0   3139    8.8   -4.2     40   4.02    310     22  312.2  325.2  313.0
  691.0   3246    9.0  -13.0     20   2.04    308     21  313.6  320.5  314.0
  668.0   3525    7.2   -3.8     45   4.34    302     19  314.6  328.7  315.4
  662.0   3600    7.1   -6.6     37   3.53    300     19  315.3  326.9  316.0
  657.0   3662    7.0   -9.0     31   2.96    299     20  315.9  325.7  316.4
  621.0   4123    4.6   -6.4     45   3.83    288     27  318.2  331.0  319.0
  614.0   4216    4.4  -12.6     28   2.38    286     28  319.1  327.2  319.5
  593.0   4497    2.6  -13.6     29   2.27    280     32  320.1  327.9  320.6
  565.0   4887    0.0  -15.0     31   2.12    282     23  321.6  328.9  322.0
  549.0   5117   -0.7  -30.7      8   0.54    283     18  323.4  325.4  323.5
  530.0   5397   -1.6  -30.9      9   0.55    285     11  325.6  327.7  325.7
  510.0   5703   -2.6  -31.0      9   0.57    315      5  327.9  330.1  328.1
  500.0   5860   -3.1  -31.1      9   0.57    305      5  329.2  331.4  329.3
  491.0   6000   -4.3  -30.5     11   0.62    280      6  329.5  331.9  329.6
  455.0   6589   -9.1  -28.2     20   0.83    310      3  330.7  333.8  330.8
  438.0   6883  -11.5  -27.0     27   0.96    345      6  331.2  334.8  331.4
  421.0   7189  -14.1  -25.8     36   1.12     20     10  331.7  335.9  332.0
  409.0   7413  -15.9  -24.9     46   1.25     37     14  332.1  336.7  332.4
  401.0   7561  -17.3  -25.3     50   1.23     49     17  332.2  336.7  332.4
  400.0   7580  -17.5  -25.5     50   1.21     50     17  332.2  336.6  332.4
  389.0   7789  -17.8  -30.3     33   0.79     60     29  334.5  337.5  334.6
  374.0   8083  -18.1  -37.1     17   0.43     65     30  337.8  339.5  337.9
  351.0   8556  -20.3  -44.3     10   0.21     73     33  341.0  341.9  341.1
  331.0   8985  -23.5  -48.5      8   0.14     80     35  342.4  343.0  342.4
  311.0   9441  -26.9  -52.9      7   0.09     93     34  343.8  344.2  343.8
  300.0   9700  -29.1  -52.1      9   0.10    100     34  344.2  344.7  344.3
  268.0  10488  -36.6  -54.0     15   0.09    100     33  344.6  345.0  344.6
  255.0  10835  -39.9  -54.9     19   0.09    100     34  344.6  345.0  344.7
  250.0  10970  -41.1                         100     34  344.8         344.8
  200.0  12450  -54.1                          80     41  346.9         346.9
  189.0  12809  -57.3                          77     44  347.4         347.4
  169.0  13504  -60.6                          70     49  353.3         353.3
  161.0  13805  -62.0                          70     32  355.9         355.9
  157.0  13962  -62.7                          56     26  357.2         357.2
  150.0  14240  -64.9                          30     14  358.1         358.1
  146.0  14400  -66.3                           5     10  358.4         358.4
  139.0  14692  -68.9                           0      5  359.0         359.0
  132.0  14998  -71.6                         250      2  359.5         359.5
  126.0  15274  -74.0                         205      4  359.9         359.9
  121.0  15515  -76.1                         325      8  360.3         360.3
  119.0  15610  -76.6                          15     10  361.1         361.1
  113.0  15905  -78.1                          45     10  363.7         363.7
  107.0  16216  -79.7                         100     16  366.4         366.4
  104.0  16378  -80.5                         105     24  367.8         367.8
  100.0  16600  -79.5                          95     31  373.9         373.9
   97.0  16773  -79.1                          85     31  377.9         377.9
   95.2  16880  -78.9                          71     25  380.4         380.4
   94.1  16946  -76.3                          62     21  386.7         386.7
   92.0  17076  -76.5                          45     13  388.9         388.9
   87.0  17397  -76.9                         295      9  394.3         394.3
   83.0  17667  -77.2                         250      8  399.0         399.0
   78.0  18024  -77.7                         180      9  405.2         405.2
   75.5  18211  -77.9                         157     11  408.5         408.5
   70.1  18642  -72.5                         106     16  428.8         428.8
   70.0  18650  -72.3                         105     16  429.4         429.4
   67.0  18913  -71.3                          90     14  437.0         437.0
   55.0  20098  -66.6                          85     31  473.1         473.1
   50.0  20670  -64.3                          90     46  491.5         491.5
   41.0  21899  -59.0                          90     52  533.3         533.3
   37.8  22402  -56.9                          99     55  551.3         551.3
   36.0  22708  -57.9                         105     57  556.6         556.6
   35.2  22849  -58.3                         103     57  559.0         559.0
   30.0  23860  -53.9                          90     53  597.1         597.1
   29.0  24079  -52.3                          90     52  607.4         607.4
   28.2  24260  -50.9                          86     39  616.1         616.1
   27.0  24542  -51.5                          80     20  622.1         622.1
   26.0  24786  -52.0                          60     13  627.3         627.3
   24.0  25304  -53.1                         335      8  638.6         638.6
   23.0  25579  -53.7                         300      9  644.7         644.7
   22.4  25750  -54.1                          14      9  648.5         648.5
   22.0  25866  -53.9                          65      9  652.4         652.4
   21.0  26166  -53.4                          80      4  662.6         662.6
   20.0  26480  -52.9                         265     11  673.5         673.5
   19.7  26577  -52.9                         272      9  676.4         676.4
   19.0  26812  -51.5                         290      5  687.7         687.7
   18.6  26950  -50.7                         286     12  694.5         694.5
   18.0  27166  -47.8                         280     22  710.2         710.2
   17.5  27351  -45.3                         274     26  723.8         723.8
   16.3  27827  -43.7                         259     35  743.9         743.9
   16.0  27951  -43.9                         255     38  747.1         747.1
   14.0  28844  -45.5                         250     32  770.6         770.6
   13.6  29037  -45.9                                     775.9         775.9
</PRE><H3>Station information and sounding indices</H3><PRE>
                         Station identifier: WAAA
                             Station number: 97180
                           Observation time: 180817/1200
                           Station latitude: -5.06
                          Station longitude: 119.55
                          Station elevation: 14.0
                            Showalter index: 1.91
                               Lifted index: 1.18
    LIFT computed using virtual temperature: 0.36
                                SWEAT index: 200.99
                                    K index: 23.10
                         Cross totals index: 19.10
                      Vertical totals index: 20.10
                        Totals totals index: 39.20
      Convective Available Potential Energy: 145.55
             CAPE using virtual temperature: 290.06
                      Convective Inhibition: -47.33
             CINS using virtual temperature: -40.55
                           Equilibrum Level: 248.08
 Equilibrum Level using virtual temperature: 248.28
                   Level of Free Convection: 844.41
             LFCT using virtual temperature: 847.69
                     Bulk Richardson Number: 7.08
          Bulk Richardson Number using CAPV: 14.12
  Temp [K] of the Lifted Condensation Level: 291.40
Pres [hPa] of the Lifted Condensation Level: 885.05
     Mean mixed layer potential temperature: 301.76
              Mean mixed layer mixing ratio: 15.17
              1000 hPa to 500 hPa thickness: 5775.00
Precipitable water [mm] for entire sounding: 42.56
</PRE>
<P>Description of the 
<A HREF="/upperair/columns.html">data columns</A>
or <A HREF="/upperair/indices.html">sounding indices</A>.

<P>
<FORM>
<INPUT CLASS="button" TYPE="button" VALUE=" Close this window " 
 onClick="window.close();">
<INPUT CLASS="button" TYPE="button" VALUE=" Select another map " 
 onClick="window.blur();">
</FORM>
<HR SIZE="1">
<I>Interested in graduate studies in atmospheric science?
Check out our program at the
<a href="http://www.uwyo.edu/atsc/howtoapply/"
target=_top>University of Wyoming
</a></I>
<HR SIZE="1"><FONT SIZE="-1">
Questions about the weather data provided by this site can be
addressed to <A HREF="mailto:ldoolman@uwyo.edu">
Larry Oolman (ldoolman@uwyo.edu)</A></FONT>
<HR SIZE="1">
<SCRIPT TYPE="text/javascript">
<!--
window.focus();
// -->
</SCRIPT>
</BODY>
</HTML>
