<HTML>
<TITLE>University of Wyoming - Radiosonde Data</TITLE>
<LINK REL="StyleSheet" HREF="/resources/select.css" TYPE="text/css">
<BODY BGCOLOR="white">
<H2>97180 WAAA Ujung Pandang Observations at 12Z 09 Sep 2018</H2>
<PRE>
-----------------------------------------------------------------------------
   PRES   HGHT   TEMP   DWPT   RELH   MIXR   DRCT   SKNT   THTA   THTE   THTV
    hPa     m      C      C      %    g/kg    deg   knot     K      K      K 
-----------------------------------------------------------------------------
 1011.0     14   28.4   22.4     70  17.20      0      0  300.6  351.3  303.7
 1000.0    109   27.8   19.8     62  14.76    265      4  300.9  344.6  303.6
  981.0    279   27.4   17.4     54  12.91    356      4  302.2  340.6  304.5
  978.0    306   27.2   17.3     55  12.84     10      4  302.3  340.5  304.6
  946.0    599   25.2   15.8     56  12.07     50      9  303.1  339.2  305.3
  925.0    796   23.8   14.8     57  11.57     70     12  303.6  338.3  305.8
  883.0   1198   20.7   13.4     63  11.04     80     22  304.5  337.7  306.5
  850.0   1528   18.2   12.2     68  10.61     75     24  305.2  337.3  307.1
  816.0   1876   16.0   11.1     73  10.27     74     23  306.4  337.7  308.3
  784.0   2215   14.0    8.0     67   8.66     72     23  307.8  334.4  309.4
  767.0   2399   14.2    2.2     44   5.88     71     23  310.0  328.5  311.1
  742.0   2678   12.6    6.6     67   8.30     70     22  311.2  337.1  312.7
  740.0   2701   12.5    6.5     67   8.25     70     22  311.3  337.1  312.9
  700.0   3165   10.8    3.8     62   7.23     90     16  314.4  337.4  315.8
  689.0   3297   10.2    2.8     60   6.84     95     13  315.2  337.0  316.5
  674.0   3480    9.4    1.4     57   6.32    119     11  316.3  336.6  317.5
  664.0   3602    8.3    1.0     60   6.24    135     10  316.4  336.5  317.6
  591.0   4552    0.0   -2.0     86   5.62     99     20  317.4  335.7  318.5
  580.0   4703   -1.1   -2.6     90   5.48     94     22  317.9  335.7  318.9
  574.0   4786   -0.9   -5.5     71   4.45     91     23  319.0  333.7  319.9
  573.0   4800   -0.8   -7.5     60   3.82     90     23  319.3  332.0  320.1
  570.0   4842   -0.5  -13.5     37   2.38     91     23  320.1  328.3  320.6
  565.0   4912   -0.1  -18.1     24   1.64     94     24  321.4  327.2  321.8
  512.0   5694   -4.2  -20.3     27   1.50    120     32  325.6  331.0  325.9
  511.0   5709   -4.3  -20.3     28   1.50    120     32  325.7  331.1  326.0
  500.0   5880   -5.7  -20.7     30   1.48    115     31  326.0  331.3  326.3
  484.0   6135   -7.3  -15.3     53   2.42    111     29  327.1  335.6  327.6
  444.0   6808   -9.5  -24.5     28   1.19    101     25  332.5  336.9  332.7
  439.0   6895  -10.0  -24.1     31   1.24    100     24  332.9  337.5  333.2
  427.0   7110  -11.3  -23.3     36   1.38    100     24  333.9  339.0  334.2
  412.0   7384  -12.9  -32.9     17   0.59    100     25  335.3  337.6  335.4
  400.0   7610  -14.7  -35.7     15   0.46    100     25  335.8  337.6  335.9
  346.0   8691  -22.9  -42.9     14   0.25    105     16  338.9  339.9  338.9
  318.0   9301  -28.0  -41.8     25   0.31     70     17  340.1  341.4  340.2
  306.0   9579  -30.3  -41.3     33   0.34     80     20  340.6  342.0  340.7
  300.0   9720  -31.1  -44.1     27   0.26     85     22  341.4  342.5  341.5
  255.0  10855  -39.9  -58.9     11   0.05    112     24  344.6  344.9  344.7
  250.0  10990  -41.3                         115     24  344.5         344.5
  246.0  11096  -42.2                         115     25  344.8         344.8
  225.0  11684  -47.1                         100     26  346.2         346.2
  205.0  12297  -52.1                          50     25  347.6         347.6
  200.0  12460  -53.5                          50     24  347.9         347.9
  150.0  14240  -70.3                          70     42  348.8         348.8
  133.0  14939  -76.5                          75     48  350.0         350.0
  132.0  14982  -76.5                          75     47  350.7         350.7
  107.0  16183  -76.5                          90     24  372.4         372.4
  101.0  16513  -76.5                          25     12  378.6         378.6
  100.0  16570  -76.5                          20     11  379.7         379.7
   96.0  16807  -74.7                          10      9  387.6         387.6
   94.7  16886  -74.1                           1      8  390.3         390.3
   91.0  17117  -75.0                         335      6  392.9         392.9
   87.0  17378  -76.1                         105      4  395.9         395.9
   85.5  17479  -76.5                          98      8  397.1         397.1
   82.0  17722  -75.6                          80     16  403.6         403.6
   76.1  18155  -74.1                          87     15  415.5         415.5
   74.0  18320  -71.5                          90     15  424.3         424.3
   72.9  18409  -70.1                         104     15  429.1         429.1
   71.0  18566  -70.5                         130     15  431.5         431.5
   70.0  18650  -70.7                         130     16  432.8         432.8
   66.5  18953  -72.1                         119     21  436.1         436.1
   64.0  19179  -72.3                         110     25  440.6         440.6
   61.0  19461  -72.5                         110     34  446.2         446.2
   60.4  19520  -72.5                         105     34  447.4         447.4
   56.5  19916  -68.5                          69     33  465.1         465.1
   55.0  20078  -68.4                          55     33  469.0         469.0
   50.0  20650  -67.9                          80     38  483.1         483.1
   43.0  21560  -66.5                         100     54  507.9         507.9
   40.5  21922  -65.9                          97     55  518.0         518.0
   34.3  22938  -62.3                          90     58  552.7         552.7
   30.4  23697  -55.1                          85     60  591.6         591.6
   30.0  23780  -54.3                          85     55  596.0         596.0
   28.0  24228  -49.7                          90     23  620.6         620.6
   27.4  24368  -48.3                         108     13  628.4         628.4
   27.0  24464  -48.4                         120      6  630.7         630.7
   25.0  24968  -49.1                         185      6  642.9         642.9
   24.0  25236  -49.4                         170      9  649.4         649.4
   23.0  25514  -49.8                         285      3  656.3         656.3
   22.1  25776  -50.1                         284      6  662.9         662.9
   20.0  26430  -47.9                         280     14  688.8         688.8
   19.9  26463  -47.5                         279     15  691.0         691.0
   19.0  26769  -47.5                         265     24  700.2         700.2
   18.0  27126  -47.5                         245     28  711.1         711.1
   17.7  27237  -47.5                                     714.5         714.5
</PRE><H3>Station information and sounding indices</H3><PRE>
                         Station identifier: WAAA
                             Station number: 97180
                           Observation time: 180909/1200
                           Station latitude: -5.06
                          Station longitude: 119.55
                          Station elevation: 14.0
                            Showalter index: 2.35
                               Lifted index: 0.28
    LIFT computed using virtual temperature: -0.28
                                SWEAT index: 225.42
                                    K index: 29.10
                         Cross totals index: 17.90
                      Vertical totals index: 23.90
                        Totals totals index: 41.80
      Convective Available Potential Energy: 21.55
             CAPE using virtual temperature: 36.50
                      Convective Inhibition: -251.08
             CINS using virtual temperature: -194.15
                           Equilibrum Level: 568.17
 Equilibrum Level using virtual temperature: 481.29
                   Level of Free Convection: 617.90
             LFCT using virtual temperature: 624.63
                     Bulk Richardson Number: 0.57
          Bulk Richardson Number using CAPV: 0.96
  Temp [K] of the Lifted Condensation Level: 289.33
Pres [hPa] of the Lifted Condensation Level: 862.27
     Mean mixed layer potential temperature: 301.86
              Mean mixed layer mixing ratio: 13.68
              1000 hPa to 500 hPa thickness: 5771.00
Precipitable water [mm] for entire sounding: 43.99
</PRE>
<P>Description of the 
<A HREF="/upperair/columns.html">data columns</A>
or <A HREF="/upperair/indices.html">sounding indices</A>.

<P>
<FORM>
<INPUT CLASS="button" TYPE="button" VALUE=" Close this window " 
 onClick="window.close();">
<INPUT CLASS="button" TYPE="button" VALUE=" Select another map " 
 onClick="window.blur();">
</FORM>
<HR SIZE="1">
<I>Interested in graduate studies in atmospheric science?
Check out our program at the
<a href="http://www.uwyo.edu/atsc/howtoapply/"
target=_top>University of Wyoming
</a></I>
<HR SIZE="1"><FONT SIZE="-1">
Questions about the weather data provided by this site can be
addressed to <A HREF="mailto:ldoolman@uwyo.edu">
Larry Oolman (ldoolman@uwyo.edu)</A></FONT>
<HR SIZE="1">
<SCRIPT TYPE="text/javascript">
<!--
window.focus();
// -->
</SCRIPT>
</BODY>
</HTML>
