<HTML>
<TITLE>University of Wyoming - Radiosonde Data</TITLE>
<LINK REL="StyleSheet" HREF="/resources/select.css" TYPE="text/css">
<BODY BGCOLOR="white">
<H2>97180 WAAA Ujung Pandang Observations at 12Z 13 Sep 2018</H2>
<PRE>
-----------------------------------------------------------------------------
   PRES   HGHT   TEMP   DWPT   RELH   MIXR   DRCT   SKNT   THTA   THTE   THTV
    hPa     m      C      C      %    g/kg    deg   knot     K      K      K 
-----------------------------------------------------------------------------
 1008.0     14   28.0   22.0     70  16.82      0      0  300.5  350.0  303.5
 1000.0     86   27.4   21.4     70  16.33    320      1  300.6  348.7  303.5
  976.0    301   26.1   19.5     67  14.82     40      6  301.3  345.1  304.0
  944.0    595   24.3   16.8     63  12.93     20      7  302.4  340.9  304.7
  925.0    775   23.2   15.2     61  11.88     35      7  303.0  338.5  305.2
  912.0    898   22.7   13.1     55  10.45     50     10  303.7  335.1  305.6
  901.0   1003   22.2   11.2     50   9.35     52     10  304.3  332.6  306.0
  850.0   1503   17.8   11.8     68  10.33     60      9  304.8  336.0  306.7
  821.0   1799   15.4   11.9     80  10.81     75      8  305.2  337.9  307.2
  812.0   1893   14.6   12.0     84  10.96     83      8  305.4  338.5  307.4
  793.0   2092   13.3   10.8     85  10.34    100      8  306.0  337.4  307.9
  765.0   2394   11.2    8.9     86   9.44    100      9  307.0  335.8  308.7
  746.0   2606    9.8    7.6     86   8.85     79      4  307.7  334.8  309.3
  742.0   2650   10.8    5.8     71   7.85     75      3  309.2  333.6  310.7
  741.0   2662   11.4    5.4     67   7.65     73      3  310.0  333.8  311.4
  740.0   2673   12.2   -0.8     41   4.90     72      3  311.0  326.6  311.9
  738.0   2696   12.3   -3.1     34   4.13     70      2  311.3  324.6  312.1
  722.0   2879   13.0  -22.0      7   0.91    360      1  314.1  317.3  314.2
  712.0   2996   12.2  -19.2      9   1.18    315      1  314.4  318.6  314.6
  700.0   3138   11.2  -15.8     13   1.60     25      4  314.9  320.4  315.2
  687.0   3293   10.1  -17.5     13   1.42     40      5  315.3  320.2  315.6
  662.0   3598    7.8  -20.7     11   1.11    155      5  316.1  320.0  316.3
  628.0   4033    4.6  -25.4      9   0.78    134      4  317.2  320.0  317.4
  615.0   4202    3.8  -27.0      8   0.69    125      4  318.2  320.7  318.3
  593.0   4496    2.3  -29.7      7   0.55      0      1  319.8  321.9  319.9
  571.0   4801    0.8  -32.5      6   0.44    185      3  321.5  323.1  321.6
  560.0   4959    0.0  -34.0      6   0.39    178      5  322.4  323.9  322.4
  530.0   5398   -2.4  -25.8     15   0.89    160     12  324.6  327.9  324.8
  526.0   5458   -2.7  -24.7     17   0.99    152     12  324.9  328.6  325.1
  519.0   5564   -2.1  -38.1      4   0.28    138     13  326.9  328.0  327.0
  510.0   5703   -2.7  -40.1      4   0.23    120     14  327.9  328.8  327.9
  500.0   5860   -3.3  -42.3      3   0.19    115     17  328.9  329.7  329.0
  485.0   6100   -4.3  -45.3      2   0.14    120     17  330.6  331.2  330.6
  455.0   6594   -7.7  -44.0      4   0.17    130     17  332.4  333.1  332.5
  438.0   6888   -9.7  -43.3      5   0.19    120     11  333.5  334.3  333.6
  421.0   7194  -11.8  -42.5      6   0.22     85     11  334.6  335.5  334.7
  400.0   7590  -14.5  -41.5      8   0.25     75     20  336.1  337.1  336.1
  375.0   8077  -17.1  -54.1      2   0.07     80     24  338.9  339.2  338.9
  374.0   8096  -17.2  -54.1      2   0.07     80     24  338.9  339.2  338.9
  359.0   8396  -19.6  -54.1      3   0.07     70     19  339.8  340.1  339.8
  300.0   9710  -29.9  -53.9      8   0.08    110     12  343.1  343.5  343.1
  292.0   9902  -31.6  -55.0      8   0.08    110     13  343.4  343.7  343.4
  287.0  10024  -32.7  -55.7      8   0.07    106     14  343.5  343.8  343.5
  273.0  10374  -35.9  -56.9     10   0.06     93     17  343.8  344.1  343.8
  253.0  10899  -39.9  -47.9     42   0.20     73     22  345.4  346.3  345.5
  250.0  10980  -40.7                          70     23  345.4         345.4
  235.0  11390  -44.2                          60     22  346.2         346.2
  200.0  12460  -53.5                          55     33  347.9         347.9
  150.0  14240  -69.1                          40     40  350.9         350.9
  139.0  14684  -72.6                          45     47  352.4         352.4
  123.0  15396  -78.3                          40     68  354.6         354.6
  119.0  15585  -77.1                          50     72  360.1         360.1
  115.0  15781  -75.9                          58     62  365.9         365.9
  102.0  16467  -78.3                          85     28  374.1         374.1
  100.0  16580  -78.7                          85     26  375.4         375.4
   97.1  16749  -74.9                          63     18  386.0         386.0
   96.0  16815  -75.0                          55     15  387.0         387.0
   87.0  17384  -76.1                          90      4  395.8         395.8
   84.3  17567  -76.5                          74      8  398.7         398.7
   78.8  17956  -76.1                          40     17  407.2         407.2
   78.0  18015  -75.4                          35     18  409.8         409.8
   74.2  18307  -72.1                          46     16  422.7         422.7
   71.0  18566  -71.8                          55     15  428.7         428.7
   70.0  18650  -71.7                          65     14  430.7         430.7
   64.0  19181  -71.2                         130     21  443.0         443.0
   61.2  19446  -70.9                         116     24  449.3         449.3
   61.0  19466  -70.6                         115     24  450.4         450.4
   58.7  19696  -66.9                          85     34  463.7         463.7
   58.0  19769  -66.8                          75     37  465.5         465.5
   55.0  20091  -66.4                          75     37  473.5         473.5
   52.0  20432  -66.0                         105     38  482.1         482.1
   50.0  20670  -65.7                         105     43  488.2         488.2
   47.2  21019  -65.9                          99     46  495.9         495.9
   44.3  21406  -61.9                          93     49  514.7         514.7
   43.0  21592  -61.3                          90     50  520.5         520.5
   32.0  23445  -55.7                          80     54  581.5         581.5
   31.0  23644  -55.1                          85     34  588.4         588.4
   30.1  23829  -54.5                          89     23  594.9         594.9
   30.0  23850  -54.1                          90     22  596.6         596.6
   29.0  24066  -55.0                         120     13  600.0         600.0
   28.0  24289  -55.9                         165     12  603.5         603.5
   27.0  24521  -56.8                         155     10  607.2         607.2
   26.7  24592  -57.1                         146      9  608.3         608.3
   25.0  25009  -56.0                          95      6  622.9         622.9
   24.5  25138  -55.7                                     627.5         627.5
</PRE><H3>Station information and sounding indices</H3><PRE>
                         Station identifier: WAAA
                             Station number: 97180
                           Observation time: 180913/1200
                           Station latitude: -5.06
                          Station longitude: 119.55
                          Station elevation: 14.0
                            Showalter index: 5.31
                               Lifted index: 1.33
    LIFT computed using virtual temperature: 0.48
                                SWEAT index: 176.58
                                    K index: 5.90
                         Cross totals index: 15.10
                      Vertical totals index: 21.10
                        Totals totals index: 36.20
      Convective Available Potential Energy: 45.35
             CAPE using virtual temperature: 141.83
                      Convective Inhibition: -75.40
             CINS using virtual temperature: -47.09
                           Equilibrum Level: 524.39
 Equilibrum Level using virtual temperature: 518.37
                   Level of Free Convection: 818.68
             LFCT using virtual temperature: 832.23
                     Bulk Richardson Number: 20.22
          Bulk Richardson Number using CAPV: 63.24
  Temp [K] of the Lifted Condensation Level: 291.42
Pres [hPa] of the Lifted Condensation Level: 891.03
     Mean mixed layer potential temperature: 301.20
              Mean mixed layer mixing ratio: 15.11
              1000 hPa to 500 hPa thickness: 5774.00
Precipitable water [mm] for entire sounding: 33.75
</PRE>
<P>Description of the 
<A HREF="/upperair/columns.html">data columns</A>
or <A HREF="/upperair/indices.html">sounding indices</A>.

<P>
<FORM>
<INPUT CLASS="button" TYPE="button" VALUE=" Close this window " 
 onClick="window.close();">
<INPUT CLASS="button" TYPE="button" VALUE=" Select another map " 
 onClick="window.blur();">
</FORM>
<HR SIZE="1">
<I>Interested in graduate studies in atmospheric science?
Check out our program at the
<a href="http://www.uwyo.edu/atsc/howtoapply/"
target=_top>University of Wyoming
</a></I>
<HR SIZE="1"><FONT SIZE="-1">
Questions about the weather data provided by this site can be
addressed to <A HREF="mailto:ldoolman@uwyo.edu">
Larry Oolman (ldoolman@uwyo.edu)</A></FONT>
<HR SIZE="1">
<SCRIPT TYPE="text/javascript">
<!--
window.focus();
// -->
</SCRIPT>
</BODY>
</HTML>
