<HTML>
<TITLE>University of Wyoming - Radiosonde Data</TITLE>
<LINK REL="StyleSheet" HREF="/resources/select.css" TYPE="text/css">
<BODY BGCOLOR="white">
<H2>97180 WAAA Ujung Pandang Observations at 12Z 18 Aug 2018</H2>
<PRE>
-----------------------------------------------------------------------------
   PRES   HGHT   TEMP   DWPT   RELH   MIXR   DRCT   SKNT   THTA   THTE   THTV
    hPa     m      C      C      %    g/kg    deg   knot     K      K      K 
-----------------------------------------------------------------------------
 1008.0     14   29.0   22.0     66  16.82      0      0  301.5  351.2  304.5
 1000.0     88   28.0   18.0     55  13.16     30      3  301.1  340.1  303.5
  943.0    602   23.9   16.9     65  13.05     85      3  302.1  340.9  304.5
  925.0    771   22.6   16.6     69  13.01     80      5  302.4  341.1  304.8
  923.0    790   22.4   16.4     69  12.87     78      5  302.4  340.7  304.7
  912.0    894   21.8   16.2     70  12.85     65      7  302.8  341.1  305.1
  850.0   1504   18.2   14.9     81  12.69    135      5  305.2  343.4  307.5
  821.0   1800   16.3   12.7     79  11.39     25      2  306.2  340.7  308.3
  793.0   2096   14.4   10.6     78  10.20    350      5  307.3  338.4  309.1
  787.0   2161   14.0   10.1     77   9.96    346      5  307.5  337.9  309.3
  742.0   2657   12.6    6.6     67   8.30    313      8  311.2  337.1  312.7
  727.0   2829   12.0   -2.0     38   4.57    301      9  312.4  327.0  313.2
  710.0   3027   10.8    2.8     58   6.64    288     10  313.1  334.2  314.4
  704.0   3098   11.0   -4.0     35   4.06    283     11  314.1  327.3  314.9
  700.0   3145   10.8   -7.2     28   3.20    280     11  314.4  325.0  315.0
  682.0   3362   10.6   -7.4     28   3.23    275     13  316.5  327.3  317.2
  663.0   3593    8.9   -7.2     31   3.39    270     15  317.2  328.5  317.9
  607.0   4318    3.6   -6.4     48   3.92    270     13  319.2  332.2  319.9
  594.0   4493    2.8  -12.2     32   2.54    270     13  320.2  328.9  320.7
  572.0   4797    1.3  -10.3     42   3.08    330      7  322.0  332.4  322.6
  556.0   5025    0.2   -8.8     51   3.55     12      7  323.3  335.3  324.0
  552.0   5083    0.4  -10.6     43   3.11     22      7  324.2  334.8  324.8
  551.0   5097    0.4  -13.7     34   2.42     25      7  324.4  332.8  324.9
  546.0   5170    0.6  -29.4      8   0.62     29      7  325.4  327.8  325.5
  540.0   5259    0.0  -19.0     22   1.59     33      6  325.7  331.4  326.1
  539.0   5273   -0.3  -14.3     34   2.36     34      6  325.6  333.8  326.0
  526.0   5468   -0.7  -17.7     26   1.82     43      5  327.3  333.8  327.7
  511.0   5697   -2.4  -20.0     25   1.54     55      4  328.0  333.6  328.3
  500.0   5870   -3.7  -21.7     23   1.36     85      4  328.5  333.4  328.7
  492.0   5997   -4.8  -23.4     22   1.18     90      5  328.7  333.0  328.9
  488.0   6061   -5.3  -24.3     21   1.10     86      6  328.8  332.9  329.0
  474.0   6286   -7.1  -24.3     24   1.14     70     10  329.3  333.5  329.6
  438.0   6895  -11.9  -24.2     35   1.24     90     14  330.7  335.3  330.9
  416.0   7292  -15.1  -24.1     46   1.32     76     28  331.5  336.4  331.8
  403.0   7533  -13.3  -37.3     11   0.39     67     37  336.9  338.4  337.0
  400.0   7590  -13.9  -38.9     10   0.33     65     39  336.8  338.2  336.9
  389.0   7795  -15.6  -39.5     11   0.32     60     38  337.4  338.7  337.4
  345.0   8675  -22.6  -42.0     15   0.28     60     33  339.5  340.7  339.6
  300.0   9700  -30.9  -44.9     24   0.23     90     33  341.7  342.7  341.8
  284.0  10085  -34.7  -45.7     32   0.23     86     36  341.7  342.6  341.7
  279.0  10207  -35.6  -47.3     29   0.19     85     37  342.1  342.9  342.1
  257.0  10773  -39.9  -54.9     19   0.09     85     38  343.9  344.3  343.9
  250.0  10960  -41.5                          85     38  344.2         344.2
  200.0  12440  -51.7                          55     52  350.7         350.7
  178.0  13169  -57.7                          55     44  352.8         352.8
  150.0  14240  -66.5                          70     35  355.3         355.3
  132.0  14978  -71.7                          70     21  359.2         359.2
  125.0  15293  -74.0                          80     13  360.8         360.8
  113.0  15876  -78.1                          70     17  363.7         363.7
  107.0  16191  -80.3                          90      8  365.1         365.1
  101.0  16525  -82.7                          65     12  366.7         366.7
  100.0  16580  -82.7                          65     14  367.7         367.7
   96.0  16811  -79.1                          55     17  379.0         379.0
   93.4  16967  -76.7                           4     11  386.8         386.8
   91.0  17116  -77.2                         315      6  388.6         388.6
   87.0  17373  -78.1                         220     12  391.8         391.8
   82.9  17649  -79.1                         171     13  395.3         395.3
   82.0  17711  -79.0                         160     13  396.6         396.6
   78.0  17995  -78.8                         125     13  402.8         402.8
   76.5  18106  -78.7                         101     14  405.3         405.3
   74.0  18299  -71.9                          60     15  423.5         423.5
   73.5  18338  -70.5                          60     15  427.2         427.2
   70.2  18613  -67.3                          60     15  439.7         439.7
   70.0  18630  -67.1                          60     15  440.5         440.5
   64.0  19169  -68.7                          80     15  448.5         448.5
   61.0  19458  -69.5                         105     18  452.8         452.8
   60.3  19527  -69.7                         104     19  453.9         453.9
   57.5  19814  -66.7                         101     24  466.9         466.9
   53.5  20250  -68.1                          97     31  473.4         473.4
   52.0  20422  -66.9                          95     34  480.0         480.0
   50.0  20660  -65.3                         100     43  489.2         489.2
   47.1  21025  -62.5                          97     45  504.3         504.3
   44.1  21428  -63.3                          95     47  511.9         511.9
   36.6  22585  -57.5                          87     52  554.9         554.9
   35.0  22867  -57.2                          85     53  562.8         562.8
   30.0  23840  -56.1                          80     60  591.1         591.1
   29.8  23882  -56.1                          80     59  592.2         592.2
   28.0  24281  -53.2                          75     54  611.0         611.0
   27.0  24514  -51.5                          95     30  622.1         622.1
   25.0  25012  -51.1                         115     27  636.9         636.9
   22.6  25666  -50.7                          99     21  656.9         656.9
   22.0  25841  -49.9                          95     19  664.3         664.3
   21.4  26021  -49.1                          89     16  672.0         672.0
   21.0  26145  -47.0                          85     14  682.0         682.0
   20.8  26208  -45.9                         120     14  687.2         687.2
   20.3  26370  -43.9                         210     15  698.0         698.0
   20.0  26470  -44.1                         265     15  700.4         700.4
   19.0  26811  -45.5                         250     38  706.5         706.5
   17.2  27472  -48.1                         264     35  718.5         718.5
   16.0  27952  -46.9                         275     33  737.3         737.3
   15.0  28380  -45.9                         265     32  754.5         754.5
   14.3  28697  -45.1                                     767.5         767.5
</PRE><H3>Station information and sounding indices</H3><PRE>
                         Station identifier: WAAA
                             Station number: 97180
                           Observation time: 180818/1200
                           Station latitude: -5.06
                          Station longitude: 119.55
                          Station elevation: 14.0
                            Showalter index: 1.83
                               Lifted index: 2.76
    LIFT computed using virtual temperature: 2.21
                                SWEAT index: 192.79
                                    K index: 18.80
                         Cross totals index: 18.60
                      Vertical totals index: 21.90
                        Totals totals index: 40.50
      Convective Available Potential Energy: 0.00
             CAPE using virtual temperature: 0.00
                      Convective Inhibition: 0.00
             CINS using virtual temperature: 0.00
                     Bulk Richardson Number: 0.00
          Bulk Richardson Number using CAPV: 0.00
  Temp [K] of the Lifted Condensation Level: 289.04
Pres [hPa] of the Lifted Condensation Level: 862.79
     Mean mixed layer potential temperature: 301.51
              Mean mixed layer mixing ratio: 13.38
              1000 hPa to 500 hPa thickness: 5782.00
Precipitable water [mm] for entire sounding: 42.36
</PRE>
<P>Description of the 
<A HREF="/upperair/columns.html">data columns</A>
or <A HREF="/upperair/indices.html">sounding indices</A>.

<P>
<FORM>
<INPUT CLASS="button" TYPE="button" VALUE=" Close this window " 
 onClick="window.close();">
<INPUT CLASS="button" TYPE="button" VALUE=" Select another map " 
 onClick="window.blur();">
</FORM>
<HR SIZE="1">
<I>Interested in graduate studies in atmospheric science?
Check out our program at the
<a href="http://www.uwyo.edu/atsc/howtoapply/"
target=_top>University of Wyoming
</a></I>
<HR SIZE="1"><FONT SIZE="-1">
Questions about the weather data provided by this site can be
addressed to <A HREF="mailto:ldoolman@uwyo.edu">
Larry Oolman (ldoolman@uwyo.edu)</A></FONT>
<HR SIZE="1">
<SCRIPT TYPE="text/javascript">
<!--
window.focus();
// -->
</SCRIPT>
</BODY>
</HTML>
