<HTML>
<TITLE>University of Wyoming - Radiosonde Data</TITLE>
<LINK REL="StyleSheet" HREF="/resources/select.css" TYPE="text/css">
<BODY BGCOLOR="white">
<H2>97180 WAAA Ujung Pandang Observations at 12Z 02 Sep 2018</H2>
<PRE>
-----------------------------------------------------------------------------
   PRES   HGHT   TEMP   DWPT   RELH   MIXR   DRCT   SKNT   THTA   THTE   THTV
    hPa     m      C      C      %    g/kg    deg   knot     K      K      K 
-----------------------------------------------------------------------------
 1010.0     14   29.4   22.4     66  17.21      0      0  301.7  352.7  304.8
 1000.0     97   28.6   19.6     58  14.57     30      4  301.8  345.0  304.4
  992.0    169   28.2   18.2     55  13.44     46      5  302.0  342.0  304.5
  978.0    295   27.3   17.9     57  13.35     75      7  302.3  342.1  304.8
  925.0    788   23.6   16.6     65  13.01    110      9  303.4  342.3  305.8
  913.0    902   22.7   16.4     68  13.02    105      7  303.6  342.5  306.0
  882.0   1202   20.2   15.9     76  13.02    145      4  304.1  343.1  306.5
  852.0   1503   17.8   15.3     86  13.03    225      2  304.5  343.6  306.9
  850.0   1523   17.6   15.3     86  13.03    225      2  304.6  343.7  306.9
  840.0   1624   16.8   15.3     91  13.19    203      3  304.8  344.4  307.2
  823.0   1798   15.9   12.9     82  11.49    165      5  305.6  340.3  307.7
  780.0   2253   13.6    6.6     63   7.90    155     13  307.9  332.2  309.3
  771.0   2350   14.0    1.0     41   5.36    153     14  309.3  326.2  310.3
  740.0   2693   12.0   -6.6     27   3.18    145     20  310.7  321.1  311.3
  700.0   3156    9.2  -16.8     14   1.47    125     18  312.6  317.7  312.9
  688.0   3299    8.7  -22.9      9   0.89    125     19  313.6  316.7  313.7
  687.0   3311    8.6  -23.4      8   0.85    125     19  313.6  316.7  313.8
  664.0   3590    6.8  -23.5      9   0.87    130     19  314.6  317.7  314.8
  636.0   3943    4.4  -23.6     11   0.90    116     19  315.9  319.1  316.0
  626.0   4072    4.2  -28.8      7   0.57    111     20  317.1  319.2  317.2
  620.0   4150    4.4  -26.6      8   0.71    108     20  318.2  320.7  318.3
  619.0   4163    4.2  -26.8      8   0.69    108     20  318.1  320.6  318.2
  617.0   4189    4.2  -11.8     30   2.52    107     20  318.4  326.9  318.9
  616.0   4203    4.2   -4.8     52   4.37    106     20  318.5  332.9  319.4
  612.0   4256    3.8   -1.2     70   5.76    104     20  318.7  337.4  319.8
  594.0   4497    2.4   -2.5     70   5.40     95     20  319.8  337.5  320.8
  564.0   4916    0.0   -4.7     71   4.81    100     18  321.7  337.7  322.6
  531.0   5394   -3.3   -7.9     70   3.98    105     16  323.4  336.8  324.1
  510.0   5715   -5.5  -10.1     70   3.50    102     15  324.4  336.4  325.1
  500.0   5870   -6.1  -12.1     63   3.04    100     14  325.5  336.0  326.1
  459.0   6536   -8.9  -20.9     37   1.58     91     20  330.1  335.9  330.4
  455.0   6604   -9.2  -20.5     39   1.65     90     21  330.6  336.6  330.9
  440.0   6862  -10.1  -19.1     48   1.93     81     27  332.6  339.6  333.0
  438.0   6897  -10.3  -19.4     47   1.89     80     28  332.7  339.6  333.1
  400.0   7590  -14.9  -25.9     39   1.16     90     34  335.5  339.9  335.8
  398.0   7628  -15.1  -27.1     35   1.05     91     34  335.8  339.7  336.0
  374.0   8085  -19.0  -28.6     42   0.97    100     34  336.6  340.3  336.8
  316.0   9322  -29.5  -32.7     74   0.78     92     28  338.6  341.6  338.8
  300.0   9690  -32.7  -39.7     50   0.41     90     26  339.2  340.8  339.2
  292.0   9880  -34.3  -44.3     36   0.26     89     27  339.5  340.6  339.6
  284.0  10074  -35.7  -47.7     28   0.18     88     28  340.2  341.0  340.3
  267.0  10501  -39.2  -44.9     55   0.26     85     31  341.1  342.2  341.2
  264.0  10579  -39.9  -44.4     62   0.28     86     32  341.2  342.4  341.3
  250.0  10950  -42.5                          90     36  342.7         342.7
  203.0  12315  -55.1                          67     57  343.9         343.9
  200.0  12410  -55.5                          65     58  344.7         344.7
  179.0  13108  -61.3                          65     66  346.3         346.3
  168.0  13501  -61.4                          65     70  352.5         352.5
  162.0  13727  -61.5                          67     60  356.0         356.0
  150.0  14200  -64.9                          70     39  358.1         358.1
  138.0  14691  -68.2                          60     31  360.8         360.8
  109.0  16080  -77.7                          50     30  368.2         368.2
  107.0  16186  -76.6                          50     25  372.1         372.1
  106.0  16239  -76.1                          43     24  374.2         374.2
  105.0  16294  -75.7                          37     23  375.9         375.9
  104.0  16350  -71.9                          30     22  384.2         384.2
  101.0  16522  -71.6                          10     19  388.0         388.0
  100.0  16580  -71.5                          10     19  389.3         389.3
   96.0  16819  -72.6                           0     11  391.7         391.7
   92.0  17067  -73.8                         125      2  394.3         394.3
   87.0  17394  -75.3                          90      2  397.6         397.6
   83.0  17669  -76.5                         270      4  400.4         400.4
   79.5  17921  -77.7                         159      2  402.9         402.9
   78.0  18030  -77.7                         110      1  405.1         405.1
   75.0  18256  -77.7                         105      9  409.7         409.7
   72.7  18437  -73.7                         100     16  421.8         421.8
   70.0  18660  -72.1                          95     24  429.8         429.8
   66.4  18969  -72.9                          89     26  434.6         434.6
   64.0  19186  -70.5                          85     28  444.4         444.4
   62.6  19316  -69.1                          85     29  450.4         450.4
   56.9  19885  -68.5                          85     35  464.2         464.2
   52.6  20354  -68.1                          85     39  475.7         475.7
   50.0  20660  -64.3                          85     42  491.5         491.5
   43.0  21605  -61.3                          85     51  520.6         520.6
   36.0  22718  -57.7                          90     52  556.9         556.9
   30.0  23860  -54.1                          80     48  596.6         596.6
   29.0  24078  -53.5                          80     42  604.0         604.0
   28.0  24304  -52.9                          85     22  611.7         611.7
   27.0  24538  -52.3                         135     13  619.9         619.9
   26.0  24781  -51.6                         150     16  628.5         628.5
   23.0  25570  -49.5                         105     13  657.1         657.1
   22.0  25856  -48.8                         130     12  667.8         667.8
   21.0  26156  -47.9                         120     20  679.1         679.1
   20.0  26470  -47.1                          80     11  691.2         691.2
   19.0  26811  -46.8                          25     11  702.3         702.3
   17.0  27550  -46.2                         265     34  726.9         726.9
   15.0  28381  -45.5                         245     24  755.7         755.7
   14.4  28652  -45.3                                     765.3         765.3
</PRE><H3>Station information and sounding indices</H3><PRE>
                         Station identifier: WAAA
                             Station number: 97180
                           Observation time: 180902/1200
                           Station latitude: -5.06
                          Station longitude: 119.55
                          Station elevation: 14.0
                            Showalter index: -0.67
                               Lifted index: -0.55
    LIFT computed using virtual temperature: -0.88
                                SWEAT index: 201.61
                                    K index: 13.00
                         Cross totals index: 21.40
                      Vertical totals index: 23.70
                        Totals totals index: 45.10
      Convective Available Potential Energy: 38.09
             CAPE using virtual temperature: 102.11
                      Convective Inhibition: -124.72
             CINS using virtual temperature: -69.07
                           Equilibrum Level: 261.92
 Equilibrum Level using virtual temperature: 261.58
                   Level of Free Convection: 650.89
             LFCT using virtual temperature: 744.41
                     Bulk Richardson Number: 3.58
          Bulk Richardson Number using CAPV: 9.60
  Temp [K] of the Lifted Condensation Level: 289.56
Pres [hPa] of the Lifted Condensation Level: 860.90
     Mean mixed layer potential temperature: 302.23
              Mean mixed layer mixing ratio: 13.88
              1000 hPa to 500 hPa thickness: 5773.00
Precipitable water [mm] for entire sounding: 41.51
</PRE>
<P>Description of the 
<A HREF="/upperair/columns.html">data columns</A>
or <A HREF="/upperair/indices.html">sounding indices</A>.

<P>
<FORM>
<INPUT CLASS="button" TYPE="button" VALUE=" Close this window " 
 onClick="window.close();">
<INPUT CLASS="button" TYPE="button" VALUE=" Select another map " 
 onClick="window.blur();">
</FORM>
<HR SIZE="1">
<I>Interested in graduate studies in atmospheric science?
Check out our program at the
<a href="http://www.uwyo.edu/atsc/howtoapply/"
target=_top>University of Wyoming
</a></I>
<HR SIZE="1"><FONT SIZE="-1">
Questions about the weather data provided by this site can be
addressed to <A HREF="mailto:ldoolman@uwyo.edu">
Larry Oolman (ldoolman@uwyo.edu)</A></FONT>
<HR SIZE="1">
<SCRIPT TYPE="text/javascript">
<!--
window.focus();
// -->
</SCRIPT>
</BODY>
</HTML>
