<HTML>
<TITLE>University of Wyoming - Radiosonde Data</TITLE>
<LINK REL="StyleSheet" HREF="/resources/select.css" TYPE="text/css">
<BODY BGCOLOR="white">
<H2>97180 WAAA Ujung Pandang Observations at 12Z 25 Aug 2018</H2>
<PRE>
-----------------------------------------------------------------------------
   PRES   HGHT   TEMP   DWPT   RELH   MIXR   DRCT   SKNT   THTA   THTE   THTV
    hPa     m      C      C      %    g/kg    deg   knot     K      K      K 
-----------------------------------------------------------------------------
 1009.0     14   29.0   23.0     70  17.89      0      0  301.4  354.3  304.6
 1000.0     94   27.6   21.6     70  16.54    195      4  300.8  349.5  303.7
  977.0    299   26.1   20.6     72  15.89    180      7  301.2  348.2  304.1
  944.0    601   23.9   19.1     74  14.96    175      3  302.0  346.4  304.7
  925.0    780   22.6   18.2     76  14.43    170      1  302.4  345.3  305.0
  912.0    903   21.4   18.0     81  14.41    110      2  302.4  345.3  305.1
  883.0   1183   18.8   17.4     92  14.37     96      3  302.5  345.2  305.1
  881.0   1202   18.7   17.4     92  14.36     95      3  302.6  345.3  305.2
  851.0   1500   17.4   16.6     95  14.19     30      5  304.3  346.8  306.9
  850.0   1510   17.4   16.6     95  14.18     25      5  304.4  346.8  306.9
  842.0   1591   16.6   16.1     97  13.86     17      6  304.3  345.9  306.9
  833.0   1683   16.0   15.4     96  13.39      7      7  304.6  344.8  307.1
  827.0   1745   16.0   12.9     82  11.43      0      7  305.3  339.8  307.4
  822.0   1797   16.3    9.9     66   9.43    355      8  306.2  334.9  307.9
  815.0   1870   16.8    5.8     48   7.14    351      8  307.4  329.5  308.7
  811.0   1912   16.8    4.8     45   6.69    349      8  307.8  328.6  309.1
  720.0   2918   11.8   -4.2     32   3.91    294      6  313.0  325.7  313.7
  713.0   3000   11.5   -4.5     32   3.85    290      6  313.5  326.1  314.2
  703.0   3118   11.0   -5.0     32   3.77    298      5  314.2  326.6  315.0
  700.0   3154   10.8   -4.2     35   4.02    300      5  314.4  327.5  315.2
  697.0   3190   10.4    1.4     54   6.11    304      5  314.4  333.9  315.5
  688.0   3298    9.9   -0.6     48   5.35    315      5  314.9  332.2  315.9
  667.0   3554    8.6   -5.4     37   3.85    256      3  316.3  329.0  317.1
  663.0   3604    8.2   -4.6     40   4.13    245      3  316.4  329.9  317.2
  641.0   3882    6.0    0.0     65   6.01    236      5  317.0  336.4  318.1
  639.0   3907    5.9   -1.4     60   5.45    235      5  317.2  334.9  318.2
  627.0   4062    5.4   -9.6     33   2.96    199      5  318.3  328.2  318.9
  616.0   4205    4.5  -11.6     30   2.56    165      5  318.9  327.6  319.4
  594.0   4499    2.7  -15.8     24   1.88    150     10  320.1  326.6  320.5
  572.0   4804    0.8  -20.2     19   1.35    160     13  321.4  326.2  321.6
  563.0   4932    0.0  -22.0     17   1.17    154     14  321.9  326.1  322.1
  531.0   5394   -2.9  -24.4     17   1.00    130     19  323.8  327.5  324.0
  500.0   5870   -5.9  -26.9     17   0.85    140     17  325.8  328.9  325.9
  473.0   6301   -8.4  -27.6     20   0.84    145     12  327.9  331.0  328.0
  456.0   6584  -10.1  -28.1     21   0.83    131     15  329.2  332.4  329.4
  411.0   7376  -15.5  -19.6     71   1.98     92     22  332.2  339.3  332.6
  404.0   7505  -16.5  -20.7     70   1.83     85     23  332.5  339.1  332.9
  400.0   7580  -17.1  -21.4     69   1.74     90     23  332.7  339.0  333.0
  396.0   7656  -17.3  -21.5     70   1.74     91     23  333.4  339.7  333.7
  395.0   7675  -17.5  -20.2     79   1.96     91     24  333.4  340.4  333.8
  392.0   7732  -17.7  -23.7     59   1.45     92     24  333.8  339.2  334.1
  391.0   7751  -17.7  -29.7     34   0.84     92     24  334.1  337.3  334.2
  386.0   7848  -18.1  -38.1     16   0.37     93     24  334.8  336.3  334.8
  365.0   8265  -20.7  -43.7     11   0.22     97     27  336.7  337.6  336.7
  356.0   8450  -22.3  -31.3     44   0.79     99     28  336.9  340.0  337.1
  333.0   8939  -25.5  -38.5     29   0.41    104     31  339.1  340.7  339.1
  330.0   9004  -26.0  -38.8     29   0.40    105     31  339.3  340.9  339.4
  300.0   9690  -31.1  -42.1     33   0.32     80     35  341.4  342.7  341.5
  291.0   9900  -32.9  -44.3     31   0.26     75     34  341.8  342.9  341.9
  259.0  10702  -39.9  -52.9     24   0.11     79     39  343.1  343.6  343.1
  250.0  10940  -41.9                          80     40  343.6         343.6
  244.0  11100  -43.2                          75     40  344.1         344.1
  200.0  12410  -53.9                          45     62  347.2         347.2
  196.0  12539  -55.1                          46     64  347.4         347.4
  185.0  12907  -56.0                          50     71  351.6         351.6
  182.0  13011  -56.3                          54     68  352.8         352.8
  150.0  14210  -66.3                          95     34  355.7         355.7
  146.0  14371  -67.8                         100     33  355.8         355.8
  128.0  15154  -75.1                         110     32  356.3         356.3
  119.0  15575  -77.5                         115     32  359.3         359.3
  115.0  15772  -78.7                         111     29  360.7         360.7
  101.0  16513  -79.1                          95     20  373.6         373.6
  100.0  16570  -79.1                         100     18  374.6         374.6
   96.3  16787  -75.7                          95      6  385.3         385.3
   96.0  16805  -75.7                          95      5  385.7         385.7
   91.0  17115  -75.6                         255      3  391.9         391.9
   87.0  17375  -75.5                         155      4  397.1         397.1
   82.0  17719  -75.4                         260      6  404.1         404.1
   79.2  17920  -75.3                         250      6  408.3         408.3
   78.0  18010  -74.4                         245      6  411.9         411.9
   74.0  18322  -71.3                         180      9  424.6         424.6
   71.0  18566  -68.9                         140     11  434.8         434.8
   70.0  18650  -68.1                         125     11  438.4         438.4
   68.5  18781  -65.9                          93     13  445.8         445.8
   67.0  18914  -66.1                          60     15  448.2         448.2
   64.0  19191  -66.5                          40     23  453.3         453.3
   61.0  19481  -66.9                          60     21  458.6         458.6
   58.1  19775  -67.3                          60     23  464.1         464.1
   55.0  20106  -67.2                          60     25  471.8         471.8
   52.0  20444  -67.0                          90     26  479.8         479.8
   50.0  20680  -66.9                          95     31  485.4         485.4
   45.6  21237  -65.9                          96     36  500.8         500.8
   37.4  22448  -62.9                          99     46  537.6         537.6
   34.0  23048  -58.1                         100     51  565.1         565.1
   30.8  23670  -53.1                          92     50  594.8         594.8
   30.0  23840  -52.3                          90     50  601.5         601.5
   28.0  24285  -54.5                          87     40  607.3         607.3
   27.0  24519  -54.2                          85     35  614.4         614.4
   23.0  25550  -53.1                          70     11  646.5         646.5
   22.0  25839  -51.9                          75     10  658.5         658.5
   21.0  26142  -50.5                         115      4  671.3         671.3
   20.1  26427  -49.3                         102      6  683.5         683.5
   20.0  26460  -49.3                         100      6  684.5         684.5
   19.5  26627  -46.5                          88      6  698.1         698.1
   19.0  26800  -46.4                          75      6  703.7         703.7
   18.0  27159  -46.1                          75      4  715.4         715.4
   17.0  27540  -45.9                         300     11  728.1         728.1
   15.1  28328  -45.3                         291     25  755.0         755.0
   15.0  28372  -45.2                         290     26  756.8         756.8
   14.0  28835  -44.0                         270     27  775.9         775.9
   13.3  29179  -43.1                                     790.4         790.4
</PRE><H3>Station information and sounding indices</H3><PRE>
                         Station identifier: WAAA
                             Station number: 97180
                           Observation time: 180825/1200
                           Station latitude: -5.06
                          Station longitude: 119.55
                          Station elevation: 14.0
                            Showalter index: -1.68
                               Lifted index: -2.38
    LIFT computed using virtual temperature: -3.21
                                SWEAT index: 226.18
                                    K index: 24.90
                         Cross totals index: 22.50
                      Vertical totals index: 23.30
                        Totals totals index: 45.80
      Convective Available Potential Energy: 664.05
             CAPE using virtual temperature: 837.75
                      Convective Inhibition: -21.13
             CINS using virtual temperature: -14.40
                           Equilibrum Level: 193.78
 Equilibrum Level using virtual temperature: 193.76
                   Level of Free Convection: 848.31
             LFCT using virtual temperature: 884.89
                     Bulk Richardson Number: 475.74
          Bulk Richardson Number using CAPV: 600.19
  Temp [K] of the Lifted Condensation Level: 292.67
Pres [hPa] of the Lifted Condensation Level: 904.15
     Mean mixed layer potential temperature: 301.23
              Mean mixed layer mixing ratio: 16.10
              1000 hPa to 500 hPa thickness: 5776.00
Precipitable water [mm] for entire sounding: 42.06
</PRE>
<P>Description of the 
<A HREF="/upperair/columns.html">data columns</A>
or <A HREF="/upperair/indices.html">sounding indices</A>.

<P>
<FORM>
<INPUT CLASS="button" TYPE="button" VALUE=" Close this window " 
 onClick="window.close();">
<INPUT CLASS="button" TYPE="button" VALUE=" Select another map " 
 onClick="window.blur();">
</FORM>
<HR SIZE="1">
<I>Interested in graduate studies in atmospheric science?
Check out our program at the
<a href="http://www.uwyo.edu/atsc/howtoapply/"
target=_top>University of Wyoming
</a></I>
<HR SIZE="1"><FONT SIZE="-1">
Questions about the weather data provided by this site can be
addressed to <A HREF="mailto:ldoolman@uwyo.edu">
Larry Oolman (ldoolman@uwyo.edu)</A></FONT>
<HR SIZE="1">
<SCRIPT TYPE="text/javascript">
<!--
window.focus();
// -->
</SCRIPT>
</BODY>
</HTML>
