<HTML>
<TITLE>University of Wyoming - Radiosonde Data</TITLE>
<LINK REL="StyleSheet" HREF="/resources/select.css" TYPE="text/css">
<BODY BGCOLOR="white">
<H2>97180 WAAA Ujung Pandang Observations at 12Z 19 Aug 2018</H2>
<PRE>
-----------------------------------------------------------------------------
   PRES   HGHT   TEMP   DWPT   RELH   MIXR   DRCT   SKNT   THTA   THTE   THTV
    hPa     m      C      C      %    g/kg    deg   knot     K      K      K 
-----------------------------------------------------------------------------
 1009.0     14   29.0   23.0     70  17.89      0      0  301.4  354.3  304.6
 1000.0     95   28.6   19.6     58  14.57     65      3  301.8  345.0  304.4
  985.0    229   27.8   16.8     51  12.37     65      4  302.2  339.1  304.5
  977.0    301   27.3   16.3     51  12.08     65      5  302.5  338.5  304.6
  925.0    781   24.0   13.0     50  10.27     85     16  303.8  334.8  305.7
  884.0   1178   21.0   13.0     60  10.75     90     11  304.7  337.1  306.7
  882.0   1198   20.8   13.0     61  10.76     90     11  304.7  337.2  306.7
  870.0   1317   19.8   12.8     64  10.79    114      8  304.8  337.4  306.8
  860.0   1417   20.8   12.8     60  10.91    134      6  306.9  340.1  308.9
  852.0   1499   20.3   12.3     60  10.67    150      4  307.2  339.7  309.2
  850.0   1519   20.2   12.2     60  10.61    160      4  307.3  339.6  309.2
  822.0   1803   18.3   10.1     59   9.55     85      2  308.3  337.6  310.1
  794.0   2097   16.4    8.0     57   8.54     65      2  309.3  335.7  310.9
  766.0   2401   14.4    5.8     56   7.59    245      2  310.3  334.0  311.7
  740.0   2694   12.5    3.6     55   6.76    300      3  311.3  332.6  312.6
  723.0   2891   11.2    2.2     54   6.24    274      3  312.0  331.7  313.1
  714.0   2995   11.4   -2.9     36   4.33    260      3  313.3  327.4  314.2
  708.0   3065   11.6   -6.4     28   3.36    260      4  314.3  325.3  314.9
  700.0   3160   11.2   -4.8     32   3.84    260      6  314.9  327.4  315.6
  689.0   3292   10.1   -0.4     48   5.42    260      5  315.1  332.5  316.1
  688.0   3304   10.0    0.0     50   5.59    259      5  315.1  333.1  316.1
  670.0   3524    9.2   -6.8     32   3.44    234      7  316.6  328.0  317.2
  664.0   3598    8.6   -6.4     34   3.59    225      8  316.7  328.6  317.4
  640.0   3902    6.1   -4.8     46   4.22    240      9  317.3  331.1  318.1
  635.0   3966    5.6   -4.4     49   4.37    238      9  317.4  331.7  318.2
  617.0   4201    4.5   -8.6     38   3.25    230     10  318.7  329.6  319.4
  612.0   4267    4.2   -9.8     35   2.98    212      8  319.1  329.2  319.7
  595.0   4495    3.2  -10.1     37   2.99    150      1  320.5  330.6  321.1
  573.0   4800    1.8  -10.6     39   2.99     90      5  322.4  332.6  322.9
  564.0   4928    1.2  -10.8     40   2.99    111      6  323.1  333.4  323.7
  563.0   4943    1.2  -14.8     29   2.17    114      6  323.3  330.8  323.7
  554.0   5072    1.6  -18.4     21   1.63    135      8  325.2  331.1  325.6
  552.0   5102    1.4  -18.8     21   1.58    140      8  325.4  331.0  325.7
  536.0   5338    0.0  -22.0     17   1.23    132     12  326.4  330.9  326.7
  512.0   5702   -2.8  -22.9     20   1.20    120     17  327.3  331.7  327.5
  500.0   5890   -4.3  -23.3     21   1.18    120     18  327.7  332.1  328.0
  478.0   6242   -7.1  -23.1     27   1.25    120     17  328.5  333.1  328.8
  475.0   6291   -7.3  -23.2     27   1.25    120     17  328.9  333.4  329.1
  456.0   6607   -8.6  -23.9     28   1.22     90     24  331.1  335.7  331.4
  445.0   6797   -9.3  -24.3     28   1.21     90     24  332.5  337.0  332.8
  400.0   7610  -15.3  -34.3     18   0.53     90     22  335.0  337.1  335.1
  399.0   7629  -15.5  -36.5     15   0.42     90     22  335.0  336.7  335.1
  390.0   7798  -16.9  -35.2     19   0.49     95     23  335.3  337.2  335.4
  364.0   8311  -21.3  -31.3     40   0.77     96     26  336.2  339.1  336.3
  335.0   8915  -25.9  -40.9     23   0.32     98     30  337.9  339.2  338.0
  300.0   9700  -32.7  -45.7     26   0.21    100     35  339.2  340.1  339.2
  292.0   9890  -34.1  -47.1     26   0.19     95     34  339.8  340.6  339.9
  261.0  10667  -39.9  -47.9     42   0.19     81     38  342.4  343.2  342.4
  250.0  10960  -42.1                          75     39  343.3         343.3
  245.0  11097  -42.7                          75     43  344.5         344.5
  231.0  11495  -44.3                          79     43  347.8         347.8
  200.0  12450  -52.1                          90     43  350.1         350.1
  154.0  14076  -65.4                         100     29  354.6         354.6
  150.0  14240  -66.7                         110     30  355.0         355.0
  148.0  14321  -67.5                         110     29  355.0         355.0
  132.0  14993  -71.6                         110     20  359.4         359.4
  126.0  15266  -73.3                         105     14  361.2         361.2
  119.0  15601  -75.4                         165      7  363.3         363.3
  111.0  16010  -77.9                         110      6  365.9         365.9
  107.0  16221  -77.2                         105      8  371.1         371.1
  100.0  16610  -75.9                         135      9  380.8         380.8
   97.0  16785  -76.8                         135     12  382.5         382.5
   92.0  17088  -78.2                         120      6  385.4         385.4
   87.0  17408  -79.8                         350      7  388.5         388.5
   85.4  17515  -80.3                          25      6  389.5         389.5
   83.0  17677  -79.7                          70     10  394.0         394.0
   81.0  17815  -79.1                          50     13  397.9         397.9
   79.0  17961  -75.2                          30     17  408.9         408.9
   76.9  18118  -70.9                         330      9  420.9         420.9
   75.1  18259  -68.9                         278      2  428.0         428.0
   75.0  18267  -68.9                         275      2  428.1         428.1
   71.0  18595  -69.9                         180     10  432.8         432.8
   70.0  18680  -70.1                         175     12  434.1         434.1
   67.0  18938  -71.8                         170     13  436.0         436.0
   66.4  18991  -72.1                         163     14  436.3         436.3
   63.4  19262  -72.1                         129     19  442.1         442.1
   62.4  19356  -69.7                         117     21  449.5         449.5
   61.0  19492  -68.9                         100     24  454.1         454.1
   58.0  19794  -67.1                          85     27  464.7         464.7
   55.0  20113  -65.3                         100     33  476.1         476.1
   54.1  20212  -64.7                          97     34  479.7         479.7
   50.0  20690  -65.7                          80     40  488.2         488.2
   49.7  20727  -65.9                          81     41  488.6         488.6
   48.0  20940  -65.4                          85     46  494.7         494.7
   39.1  22195  -62.3                          81     53  532.4         532.4
   37.0  22543  -60.1                          80     55  546.3         546.3
   31.5  23557  -53.9                          95     57  588.8         588.8
   30.0  23870  -53.7                         100     57  597.6         597.6
   27.0  24552  -50.4                         100     46  625.1         625.1
   26.0  24796  -49.2                          95     40  635.3         635.3
   24.6  25155  -47.5                          66     29  650.4         650.4
   23.0  25595  -47.9                          30     15  661.9         661.9
   21.0  26191  -48.4                           0     11  677.7         677.7
   20.0  26510  -48.7                         285     18  686.3         686.3
   19.5  26677  -48.1                         279     16  693.2         693.2
   18.2  27129  -50.5                         263     12  699.4         699.4
   18.0  27201  -49.8                         260     11  703.9         703.9
   17.1  27539  -46.5                                     724.8         724.8
</PRE><H3>Station information and sounding indices</H3><PRE>
                         Station identifier: WAAA
                             Station number: 97180
                           Observation time: 180819/1200
                           Station latitude: -5.06
                          Station longitude: 119.55
                          Station elevation: 14.0
                            Showalter index: 2.74
                               Lifted index: 2.35
    LIFT computed using virtual temperature: 1.79
                                SWEAT index: 172.41
                                    K index: 20.70
                         Cross totals index: 16.50
                      Vertical totals index: 24.50
                        Totals totals index: 41.00
      Convective Available Potential Energy: 0.00
             CAPE using virtual temperature: 0.00
                      Convective Inhibition: 0.00
             CINS using virtual temperature: 0.00
                     Bulk Richardson Number: 0.00
          Bulk Richardson Number using CAPV: 0.00
  Temp [K] of the Lifted Condensation Level: 288.16
Pres [hPa] of the Lifted Condensation Level: 845.74
     Mean mixed layer potential temperature: 302.31
              Mean mixed layer mixing ratio: 12.97
              1000 hPa to 500 hPa thickness: 5795.00
Precipitable water [mm] for entire sounding: 38.07
</PRE>
<P>Description of the 
<A HREF="/upperair/columns.html">data columns</A>
or <A HREF="/upperair/indices.html">sounding indices</A>.

<P>
<FORM>
<INPUT CLASS="button" TYPE="button" VALUE=" Close this window " 
 onClick="window.close();">
<INPUT CLASS="button" TYPE="button" VALUE=" Select another map " 
 onClick="window.blur();">
</FORM>
<HR SIZE="1">
<I>Interested in graduate studies in atmospheric science?
Check out our program at the
<a href="http://www.uwyo.edu/atsc/howtoapply/"
target=_top>University of Wyoming
</a></I>
<HR SIZE="1"><FONT SIZE="-1">
Questions about the weather data provided by this site can be
addressed to <A HREF="mailto:ldoolman@uwyo.edu">
Larry Oolman (ldoolman@uwyo.edu)</A></FONT>
<HR SIZE="1">
<SCRIPT TYPE="text/javascript">
<!--
window.focus();
// -->
</SCRIPT>
</BODY>
</HTML>
