<HTML>
<TITLE>University of Wyoming - Radiosonde Data</TITLE>
<LINK REL="StyleSheet" HREF="/resources/select.css" TYPE="text/css">
<BODY BGCOLOR="white">
<H2>97180 WAAA Ujung Pandang Observations at 12Z 08 Sep 2018</H2>
<PRE>
-----------------------------------------------------------------------------
   PRES   HGHT   TEMP   DWPT   RELH   MIXR   DRCT   SKNT   THTA   THTE   THTV
    hPa     m      C      C      %    g/kg    deg   knot     K      K      K 
-----------------------------------------------------------------------------
 1009.0     14   29.0   17.0     48  12.22      0      0  301.4  337.7  303.6
 1000.0     86   29.2   14.2     40  10.28     90      9  302.4  333.1  304.2
  987.0    203   28.8   13.8     40  10.14     93     12  303.1  333.5  304.9
  976.0    302   27.9   13.4     41   9.96     95     14  303.1  333.0  304.9
  943.0    606   25.0   12.0     44   9.42     92     18  303.2  331.6  304.9
  925.0    775   23.6   11.6     47   9.35     90     21  303.4  331.6  305.1
  881.0   1196   20.9    7.2     41   7.29    105     24  304.9  327.2  306.3
  850.0   1506   19.0    4.0     37   6.03    115     29  306.0  324.7  307.1
  795.0   2077   16.0   -6.0     22   3.09    115     33  308.7  318.7  309.3
  793.0   2099   16.3   -7.4     19   2.78    115     33  309.2  318.3  309.8
  789.0   2142   16.8  -10.2     15   2.24    113     32  310.3  317.7  310.7
  770.0   2349   16.2  -14.8     11   1.58    105     28  311.8  317.2  312.1
  713.0   2995   11.4   -5.1     31   3.68     80     15  313.4  325.4  314.1
  700.0   3150   10.2   -2.8     40   4.47     65      9  313.8  328.2  314.6
  687.0   3305    8.9   -2.1     46   4.81     45      4  314.0  329.5  314.9
  663.0   3598    6.4   -0.7     60   5.53    115      2  314.4  332.2  315.5
  642.0   3863    4.2    0.6     77   6.27      6      4  314.8  334.8  316.0
  639.0   3901    4.0    0.6     78   6.29    350      4  315.0  335.1  316.2
  616.0   4199    2.6    0.5     86   6.50     45     12  316.7  337.6  318.0
  606.0   4332    2.0    0.5     90   6.59     53     14  317.5  338.7  318.8
  572.0   4798    0.6   -4.0     71   4.98     80     21  321.1  337.6  322.1
  558.0   4997    0.0   -6.0     64   4.40     77     19  322.7  337.4  323.6
  551.0   5098   -0.5   -7.5     59   3.97     75     18  323.2  336.6  324.0
  529.0   5424   -2.3  -12.3     46   2.83     92     18  324.9  334.7  325.4
  517.0   5606   -3.7  -10.7     58   3.29    101     19  325.3  336.6  326.0
  512.0   5683   -3.7  -13.7     46   2.61    105     19  326.2  335.3  326.8
  500.0   5870   -4.9  -14.9     45   2.42    115     19  327.0  335.5  327.5
  492.0   5996   -5.9  -15.0     49   2.43    115     18  327.3  335.9  327.8
  473.0   6304   -8.3  -15.3     57   2.47     95     18  328.0  336.7  328.5
  455.0   6602   -9.7  -20.0     43   1.73     75     17  329.9  336.1  330.2
  415.0   7310  -13.1  -31.1     21   0.69     99     21  334.3  337.0  334.5
  405.0   7496  -14.0  -35.3     15   0.47    105     22  335.5  337.3  335.6
  400.0   7590  -14.5  -37.5     12   0.38    100     22  336.1  337.6  336.1
  369.0   8198  -17.7  -44.7      8   0.19     97     21  339.6  340.5  339.7
  305.0   9589  -29.1  -53.4      8   0.09     90     17  342.6  343.0  342.6
  300.0   9710  -30.1  -54.1      8   0.08     85     17  342.8  343.2  342.9
  280.0  10192  -34.4  -54.9     11   0.08     60     17  343.5  343.9  343.6
  256.0  10818  -39.9  -55.9     16   0.08     72     20  344.3  344.6  344.3
  250.0  10980  -41.3                          75     21  344.5         344.5
  235.0  11390  -44.7                          75     23  345.5         345.5
  200.0  12460  -53.7                          75     23  347.6         347.6
  178.0  13189  -60.9                          75     22  347.6         347.6
  170.0  13477  -63.7                          66     26  347.5         347.5
  153.0  14111  -68.9                          45     35  349.2         349.2
  150.0  14230  -69.9                          45     36  349.5         349.5
  141.0  14596  -73.1                          53     41  350.1         350.1
  139.0  14679  -73.1                          55     42  351.6         351.6
  132.0  14982  -72.9                          63     35  357.1         357.1
  119.0  15583  -75.9                          80     21  362.3         362.3
  112.0  15935  -77.7                          90     19  365.3         365.3
  110.0  16038  -77.7                          98     17  367.2         367.2
  108.0  16143  -76.9                         106     16  370.7         370.7
  107.0  16197  -73.9                         110     15  377.3         377.3
  102.0  16475  -75.3                         130     11  379.8         379.8
  100.0  16590  -75.9                         135     10  380.8         380.8
   96.0  16826  -77.7                         120      7  381.8         381.8
   92.0  17072  -74.6                           0     13  392.6         392.6
   91.9  17078  -74.5                           1     13  392.9         392.9
   87.0  17398  -74.7                          65      4  398.8         398.8
   83.0  17673  -74.8                          85      6  403.9         403.9
   79.8  17902  -74.9                          63      9  408.2         408.2
   78.0  18036  -74.5                          50     10  411.7         411.7
   71.0  18587  -72.9                          55     10  426.3         426.3
   70.0  18670  -72.7                          60     10  428.5         428.5
   67.0  18930  -71.8                         100     13  436.0         436.0
   58.0  19786  -68.6                         135     39  461.4         461.4
   52.0  20434  -66.2                          85     34  481.6         481.6
   51.7  20469  -66.1                          85     34  482.7         482.7
   50.0  20670  -66.9                          85     33  485.4         485.4
   47.9  20929  -67.5                          86     35  490.0         490.0
   41.4  21816  -63.1                          89     44  521.8         521.8
   38.0  22341  -63.7                          91     48  533.2         533.2
   36.3  22625  -59.3                          92     51  551.5         551.5
   34.5  22943  -59.7                          93     54  558.5         558.5
   32.0  23420  -56.0                          95     58  580.7         580.7
   30.1  23809  -52.9                          95     51  599.2         599.2
   30.0  23830  -52.7                          95     51  600.4         600.4
   27.0  24514  -50.4                          85     29  625.2         625.2
   25.7  24834  -49.3                          56     14  637.2         637.2
   25.0  25013  -50.1                          40      5  639.8         639.8
   24.0  25278  -51.4                         315      6  643.8         643.8
   23.0  25554  -52.6                          10      9  647.9         647.9
   22.8  25610  -52.9                          16     10  648.8         648.8
   22.0  25842  -51.9                          40     16  658.3         658.3
   21.0  26144  -50.6                         355     14  671.0         671.0
   20.0  26460  -49.3                         305     10  684.5         684.5
   19.0  26799  -47.0                         320      3  701.6         701.6
   18.1  27120  -44.9                         284     10  718.1         718.1
   18.0                                       280     11                     
</PRE><H3>Station information and sounding indices</H3><PRE>
                         Station identifier: WAAA
                             Station number: 97180
                           Observation time: 180908/1200
                           Station latitude: -5.06
                          Station longitude: 119.55
                          Station elevation: 14.0
                            Showalter index: 9.06
                               Lifted index: 4.92
    LIFT computed using virtual temperature: 4.73
                                SWEAT index: 125.00
                                    K index: 14.90
                         Cross totals index: 8.90
                      Vertical totals index: 23.90
                        Totals totals index: 32.80
      Convective Available Potential Energy: 0.00
             CAPE using virtual temperature: 0.00
                      Convective Inhibition: 0.00
             CINS using virtual temperature: 0.00
                     Bulk Richardson Number: 0.00
          Bulk Richardson Number using CAPV: 0.00
  Temp [K] of the Lifted Condensation Level: 283.67
Pres [hPa] of the Lifted Condensation Level: 795.63
     Mean mixed layer potential temperature: 302.83
              Mean mixed layer mixing ratio: 10.17
              1000 hPa to 500 hPa thickness: 5784.00
Precipitable water [mm] for entire sounding: 31.43
</PRE>
<P>Description of the 
<A HREF="/upperair/columns.html">data columns</A>
or <A HREF="/upperair/indices.html">sounding indices</A>.

<P>
<FORM>
<INPUT CLASS="button" TYPE="button" VALUE=" Close this window " 
 onClick="window.close();">
<INPUT CLASS="button" TYPE="button" VALUE=" Select another map " 
 onClick="window.blur();">
</FORM>
<HR SIZE="1">
<I>Interested in graduate studies in atmospheric science?
Check out our program at the
<a href="http://www.uwyo.edu/atsc/howtoapply/"
target=_top>University of Wyoming
</a></I>
<HR SIZE="1"><FONT SIZE="-1">
Questions about the weather data provided by this site can be
addressed to <A HREF="mailto:ldoolman@uwyo.edu">
Larry Oolman (ldoolman@uwyo.edu)</A></FONT>
<HR SIZE="1">
<SCRIPT TYPE="text/javascript">
<!--
window.focus();
// -->
</SCRIPT>
</BODY>
</HTML>
