<HTML>
<TITLE>University of Wyoming - Radiosonde Data</TITLE>
<LINK REL="StyleSheet" HREF="/resources/select.css" TYPE="text/css">
<BODY BGCOLOR="white">
<H2>97180 WAAA Ujung Pandang Observations at 12Z 29 Aug 2018</H2>
<PRE>
-----------------------------------------------------------------------------
   PRES   HGHT   TEMP   DWPT   RELH   MIXR   DRCT   SKNT   THTA   THTE   THTV
    hPa     m      C      C      %    g/kg    deg   knot     K      K      K 
-----------------------------------------------------------------------------
 1010.0     14   27.0   22.6     77  17.43      0      0  299.3  350.4  302.4
 1004.0     65   25.8   21.7     78  16.58     48      4  298.6  347.1  301.6
 1000.0     99   25.8   21.2     76  16.13     80      7  298.9  346.1  301.8
  986.0    224   26.2   21.2     74  16.36     51      6  300.6  348.8  303.5
  978.0    296   25.8   20.2     71  15.54     35      6  300.9  346.7  303.6
  945.0    598   24.1   16.2     61  12.44      5      6  302.1  339.1  304.4
  943.0    617   24.0   16.0     61  12.27      3      6  302.2  338.7  304.4
  925.0    786   22.4   18.7     80  14.90    340      3  302.2  346.4  304.9
  913.0    899   21.5   18.1     81  14.53    270      1  302.4  345.5  305.0
  882.0   1199   19.0   16.5     86  13.57    220      4  302.8  343.2  305.2
  863.0   1388   17.4   15.5     89  13.00    249      3  303.0  341.8  305.4
  850.0   1518   17.2   15.4     89  13.11    270      3  304.1  343.4  306.5
  822.0   1804   15.8   11.9     78  10.75    300      5  305.6  338.1  307.5
  815.0   1876   15.4   11.0     75  10.21    303      5  305.9  336.9  307.8
  713.0   2998    9.4    6.2     81   8.44    345      9  311.2  337.5  312.8
  700.0   3152    8.6    5.6     81   8.21    345     10  312.0  337.7  313.5
  683.0   3355    7.4    5.5     88   8.36    331     10  312.8  339.1  314.4
  668.0   3538    8.0    4.0     76   7.69    319      9  315.5  339.9  317.0
  663.0   3599    7.6    3.6     76   7.52    315      9  315.7  339.7  317.2
  639.0   3899    5.7    1.6     75   6.75    290      3  316.9  338.6  318.2
  616.0   4197    3.8   -0.4     74   6.05    130      3  318.0  337.7  319.2
  594.0   4492    1.9   -2.4     73   5.42    135      4  319.2  336.9  320.2
  573.0   4785    0.0   -4.4     72   4.84    111      6  320.3  336.2  321.2
  572.0   4799   -0.1   -4.5     72   4.83    110      6  320.3  336.2  321.2
  551.0   5094   -2.2   -6.0     75   4.45    145      7  321.2  336.0  322.1
  531.0   5385   -4.3   -7.6     78   4.09    145     10  322.1  335.9  322.9
  500.0   5860   -7.7  -10.1     83   3.57     95      6  323.6  335.7  324.3
  489.0   6034   -8.7   -9.6     93   3.80     75      8  324.4  337.3  325.2
  473.0   6292   -9.9  -12.0     84   3.24     45     11  326.1  337.2  326.7
  457.0   6559  -11.1  -14.5     76   2.74     41     12  327.8  337.3  328.3
  437.0   6904  -11.6  -22.1     41   1.49     35     13  331.3  336.8  331.6
  433.0   6974  -11.7  -23.7     36   1.31     39     14  332.1  336.9  332.4
  404.0   7504  -15.0  -27.9     32   0.96     70     19  334.4  338.1  334.6
  400.0   7580  -15.5  -28.5     32   0.92     70     19  334.8  338.2  334.9
  369.0   8186  -19.5  -31.5     34   0.75     55     20  337.2  340.1  337.4
  358.0   8405  -21.3  -33.6     32   0.63     50     20  337.8  340.3  337.9
  300.0   9690  -31.7  -45.7     24   0.21     60     34  340.6  341.5  340.6
  259.0  10702  -40.1  -51.1     30   0.13     68     38  342.8  343.4  342.9
  250.0  10940  -41.7                          70     39  343.9         343.9
  200.0  12420  -54.5                          75     46  346.3         346.3
  194.0  12609  -56.0                          75     45  346.9         346.9
  152.0  14121  -67.9                          56     29  351.6         351.6
  150.0  14200  -68.5                          55     28  351.9         351.9
  145.0  14398  -69.5                          60     32  353.5         353.5
  131.0  14992  -72.6                          75     30  358.4         358.4
  118.0  15603  -75.8                         110     26  363.5         363.5
  110.0  16013  -77.9                         100     33  366.8         366.8
  107.0  16172  -77.4                          90     30  370.7         370.7
  101.0  16503  -76.3                          50     12  379.0         379.0
  100.0  16560  -76.1                          45     12  380.4         380.4
   94.3  16900  -75.9                          48     11  387.3         387.3
   91.0  17111  -72.0                          50     11  399.0         399.0
   87.5  17343  -67.7                         310     14  412.1         412.1
   87.0  17377  -67.8                         295     15  412.6         412.6
   79.0  17955  -69.0                         285     13  421.6         421.6
   75.0  18266  -69.6                         310      5  426.6         426.6
   70.0  18680  -70.5                         210      5  433.2         433.2
   67.0  18938  -71.3                         165      7  436.9         436.9
   63.1  19292  -72.5                         141     15  441.9         441.9
   56.1  19990  -67.7                          93     31  467.9         467.9
   55.0  20108  -67.8                          85     34  470.3         470.3
   50.0  20680  -68.3                          90     42  482.1         482.1
   49.5  20740  -68.5                          90     43  483.0         483.0
   42.8  21613  -67.3                          92     52  506.5         506.5
   36.6  22573  -59.3                          94     62  550.2         550.2
   35.0  22855  -58.0                          95     65  560.6         560.6
   32.5  23322  -55.9                          88     68  578.3         578.3
   30.0  23830  -56.5                          80     72  590.0         590.0
   29.2  24001  -57.1                          80     72  593.0         593.0
   29.0  24044  -57.0                          80     72  594.4         594.4
   28.8  24088  -56.9                          81     68  595.8         595.8
   27.9  24292  -50.9                          85     49  618.0         618.0
   27.2  24458  -48.5                          89     33  629.2         629.2
   27.0  24506  -48.5                          90     29  630.5         630.5
   24.5  25144  -48.5                          90     28  648.2         648.2
   24.1  25253  -46.1                          90     28  658.3         658.3
   24.0  25281  -46.0                          90     28  659.4         659.4
   23.0  25565  -44.8                          45     11  671.0         671.0
   22.0  25862  -43.5                         295     16  683.4         683.4
   21.7  25954  -43.1                         292     18  687.3         687.3
   20.0  26500  -44.9                         275     33  698.0         698.0
   19.0  26840  -45.9                         255     19  705.2         705.2
   18.0  27198  -46.9                         230      9  713.0         713.0
   17.0  27576  -48.0                         245      4  721.2         721.2
   16.2  27896  -48.9                         300      8  728.3         728.3
   16.0  27977  -48.9                         300      8  730.8         730.8
   15.0  28400  -49.1                         295     32  743.8         743.8
   13.9  28900  -49.3                         279     29  759.5         759.5
   13.0  29342  -48.2                         265     27  778.1         778.1
   12.0  29870  -46.8                         285     21  800.9         800.9
   11.5  30151  -46.1                                     813.2         813.2
</PRE><H3>Station information and sounding indices</H3><PRE>
                         Station identifier: WAAA
                             Station number: 97180
                           Observation time: 180829/1200
                           Station latitude: -5.06
                          Station longitude: 119.55
                          Station elevation: 14.0
                            Showalter index: -2.18
                               Lifted index: -3.13
    LIFT computed using virtual temperature: -3.44
                                SWEAT index: 196.79
                                    K index: 37.30
                         Cross totals index: 23.10
                      Vertical totals index: 24.90
                        Totals totals index: 48.00
      Convective Available Potential Energy: 323.46
             CAPE using virtual temperature: 416.34
                      Convective Inhibition: -52.37
             CINS using virtual temperature: -35.00
                           Equilibrum Level: 238.34
 Equilibrum Level using virtual temperature: 238.66
                   Level of Free Convection: 777.93
             LFCT using virtual temperature: 863.12
                     Bulk Richardson Number: 125.38
          Bulk Richardson Number using CAPV: 161.38
  Temp [K] of the Lifted Condensation Level: 292.09
Pres [hPa] of the Lifted Condensation Level: 906.66
     Mean mixed layer potential temperature: 300.40
              Mean mixed layer mixing ratio: 15.50
              1000 hPa to 500 hPa thickness: 5761.00
Precipitable water [mm] for entire sounding: 53.10
</PRE>
<P>Description of the 
<A HREF="/upperair/columns.html">data columns</A>
or <A HREF="/upperair/indices.html">sounding indices</A>.

<P>
<FORM>
<INPUT CLASS="button" TYPE="button" VALUE=" Close this window " 
 onClick="window.close();">
<INPUT CLASS="button" TYPE="button" VALUE=" Select another map " 
 onClick="window.blur();">
</FORM>
<HR SIZE="1">
<I>Interested in graduate studies in atmospheric science?
Check out our program at the
<a href="http://www.uwyo.edu/atsc/howtoapply/"
target=_top>University of Wyoming
</a></I>
<HR SIZE="1"><FONT SIZE="-1">
Questions about the weather data provided by this site can be
addressed to <A HREF="mailto:ldoolman@uwyo.edu">
Larry Oolman (ldoolman@uwyo.edu)</A></FONT>
<HR SIZE="1">
<SCRIPT TYPE="text/javascript">
<!--
window.focus();
// -->
</SCRIPT>
</BODY>
</HTML>
