<HTML>
<TITLE>University of Wyoming - Radiosonde Data</TITLE>
<LINK REL="StyleSheet" HREF="/resources/select.css" TYPE="text/css">
<BODY BGCOLOR="white">
<H2>97180 WAAA Ujung Pandang Observations at 12Z 14 Aug 2018</H2>
<PRE>
-----------------------------------------------------------------------------
   PRES   HGHT   TEMP   DWPT   RELH   MIXR   DRCT   SKNT   THTA   THTE   THTV
    hPa     m      C      C      %    g/kg    deg   knot     K      K      K 
-----------------------------------------------------------------------------
 1009.0     14   29.0   20.0     58  14.81      0      0  301.4  345.2  304.1
 1000.0     93   28.2   19.2     58  14.21     85      6  301.4  343.4  303.9
  977.0    299   26.8   18.4     60  13.84     65     10  302.0  343.1  304.5
  944.0    602   24.8   17.3     63  13.32     70      6  302.9  342.6  305.3
  925.0    782   23.6   16.6     65  13.01     45      5  303.4  342.3  305.8
  912.0    905   22.7   16.2     67  12.90     45      6  303.7  342.4  306.1
  851.0   1504   18.3   14.5     79  12.37     55      4  305.2  342.4  307.4
  850.0   1514   18.2   14.5     79  12.36     50      4  305.2  342.4  307.5
  835.0   1667   17.8   12.8     73  11.24    330      5  306.3  340.4  308.4
  826.0   1760   19.0    4.0     37   6.21    282      5  308.6  327.9  309.7
  822.0   1802   18.9    1.1     30   5.07    260      5  308.9  324.9  309.9
  812.0   1907   18.8   -6.2     18   2.98    260      5  309.9  319.5  310.4
  794.0   2096   17.4   -6.8     18   2.90    260      4  310.4  319.9  310.9
  767.0   2388   15.3   -7.7     20   2.80    205      7  311.2  320.4  311.7
  740.0   2690   13.2   -8.7     21   2.69    230      6  312.0  320.9  312.6
  700.0   3159    9.8  -10.2     23   2.53    225     14  313.3  321.7  313.8
  688.0   3301    8.8  -11.2     23   2.38    225     14  313.8  321.7  314.2
  640.0   3895    4.7  -15.3     22   1.83    260      4  315.6  321.9  316.0
  632.0   3998    4.0  -16.0     22   1.75    248      5  316.0  322.0  316.3
  619.0   4167    3.6  -24.4     11   0.86    228      6  317.4  320.5  317.6
  617.0   4193    3.8  -23.2     12   0.96    225      6  317.9  321.4  318.1
  611.0   4272    4.4  -19.6     16   1.33    226      6  319.5  324.2  319.8
  594.0   4502    3.4  -10.6     35   2.89    230      7  320.9  330.7  321.5
  573.0   4792    2.0  -12.0     35   2.68    235      7  322.6  331.9  323.2
  552.0   5093    0.6  -13.4     34   2.48    200     10  324.4  333.1  324.9
  543.0   5225    0.0  -14.0     34   2.40    198     10  325.2  333.6  325.7
  512.0   5692   -3.6  -14.1     44   2.53    190      8  326.3  335.2  326.8
  500.0   5880   -5.1  -14.1     49   2.58    200      5  326.8  335.8  327.3
  493.0   5990   -5.9  -12.6     59   2.97    220      5  327.1  337.4  327.7
  491.0   6022   -6.1  -12.1     63   3.10    234      4  327.2  338.0  327.9
  474.0   6297   -6.9  -17.9     41   1.98      0      0  329.6  336.7  329.9
  438.0   6899  -12.1  -20.3     50   1.75     10      3  330.5  336.8  330.8
  422.0   7182  -14.6  -21.5     56   1.64     60      7  330.9  336.8  331.2
  400.0   7590  -18.1  -23.1     65   1.50     80     12  331.4  336.9  331.7
  390.0   7780  -19.7  -24.7     64   1.33     88     16  331.7  336.6  332.0
  387.0   7837  -19.5  -29.5     41   0.86     90     17  332.7  336.0  332.9
  374.0   8092  -20.7  -39.7     17   0.33    100     22  334.4  335.7  334.4
  337.0   8860  -23.9  -45.9     11   0.19    100     27  340.1  340.9  340.1
  300.0   9700  -31.5  -44.5     27   0.24    100     33  340.9  341.9  340.9
  294.0   9842  -32.7  -43.7     33   0.27     96     33  341.1  342.3  341.2
  279.0  10205  -35.7  -47.1     30   0.20     85     34  342.0  342.9  342.1
  258.0  10746  -40.1  -52.1     27   0.12     78     38  343.2  343.7  343.2
  250.0  10960  -41.9                          75     40  343.6         343.6
  214.0  11991  -49.6                          75     57  347.3         347.3
  200.0  12440  -52.9                          90     53  348.8         348.8
  169.0  13488  -61.0                          95     40  352.6         352.6
  150.0  14230  -66.7                          75     28  355.0         355.0
  146.0  14388  -67.9                          75     28  355.7         355.7
  112.0  15934  -79.5                          85     37  362.0         362.0
  111.0  15985  -79.5                          87     37  362.9         362.9
  109.0  16087  -79.3                          91     38  365.2         365.2
  108.0  16140  -79.1                          93     38  366.5         366.5
  107.0  16193  -76.4                          95     38  372.6         372.6
  106.0  16247  -73.7                          97     35  378.7         378.7
  105.0  16302  -71.1                          99     31  384.7         384.7
  100.0  16590  -70.7                         110     14  390.9         390.9
   97.0  16769  -71.9                         125      9  391.9         391.9
   92.0  17079  -74.1                         150     16  393.6         393.6
   87.5  17374  -76.1                         140     26  395.2         395.2
   87.0  17407  -76.0                         140     26  396.1         396.1
   83.2  17666  -75.1                          96     20  403.0         403.0
   79.1  17965  -68.7                          46     14  422.1         422.1
   79.0  17972  -68.7                          45     14  422.3         422.3
   75.0  18285  -67.6                          40      7  430.9         430.9
   74.7  18310  -67.5                          35      7  431.6         431.6
   71.0  18615  -69.2                         325      5  434.2         434.2
   70.0  18700  -69.7                         325      6  434.9         434.9
   68.0  18870  -70.3                         320      9  437.2         437.2
   64.0  19225  -71.7                          10      4  441.9         441.9
   61.0  19507  -72.7                          85     12  445.6         445.6
   56.3  19977  -74.5                         105     20  451.9         451.9
   55.0  20113  -73.8                         105     25  456.6         456.6
   50.0  20670  -70.9                         100     36  476.0         476.0
   47.9  20924  -69.1                          99     40  486.2         486.2
   42.0  21708  -68.3                          95     53  506.8         506.8
   35.0  22828  -59.9                          90     70  555.7         555.7
   32.5  23283  -56.5                          90     74  576.7         576.7
   30.0  23790  -55.3                          90     79  593.3         593.3
   29.0  24009  -52.2                          85     76  607.5         607.5
   28.2  24190  -49.7                          85     67  619.4         619.4
   26.6  24572  -49.1                          85     47  631.5         631.5
   25.0  24985  -44.4                          85     27  656.2         656.2
   24.5  25119  -42.9                          60     22  664.4         664.4
   24.0  25259  -42.1                          35     17  670.6         670.6
   23.6  25372  -41.5                           9     17  675.6         675.6
   23.0  25546  -41.8                         330     17  679.7         679.7
   22.0  25846  -42.4                         300     20  686.8         686.8
   21.0  26161  -42.9                         315     11  694.3         694.3
   20.0  26490  -43.5                         270     16  702.2         702.2
   18.2  27122  -44.7                         261     33  717.6         717.6
   18.0  27195  -45.1                         260     35  718.8         718.8
   15.6  28141  -49.9                         270     46  732.9         732.9
   15.1  28354  -49.7                         266     44  740.4         740.4
   15.0  28398  -49.0                         265     43  744.2         744.2
   14.6  28576  -46.1                         257     38  759.6         759.6
   14.0  28858  -45.6                         245     29  770.4         770.4
   12.0  29891  -43.8                         275     31  811.4         811.4
   11.0  30474  -42.8                         270     39  835.5         835.5
   10.5  30786  -42.3                                     848.6         848.6
</PRE><H3>Station information and sounding indices</H3><PRE>
                         Station identifier: WAAA
                             Station number: 97180
                           Observation time: 180814/1200
                           Station latitude: -5.06
                          Station longitude: 119.55
                          Station elevation: 14.0
                            Showalter index: 0.81
                               Lifted index: 0.49
    LIFT computed using virtual temperature: 0.09
                                SWEAT index: 187.00
                                    K index: 17.80
                         Cross totals index: 19.60
                      Vertical totals index: 23.30
                        Totals totals index: 42.90
      Convective Available Potential Energy: 62.07
             CAPE using virtual temperature: 107.43
                      Convective Inhibition: -247.36
             CINS using virtual temperature: -153.82
                           Equilibrum Level: 361.02
 Equilibrum Level using virtual temperature: 357.92
                   Level of Free Convection: 649.21
             LFCT using virtual temperature: 700.44
                     Bulk Richardson Number: 4.86
          Bulk Richardson Number using CAPV: 8.42
  Temp [K] of the Lifted Condensation Level: 289.78
Pres [hPa] of the Lifted Condensation Level: 866.64
     Mean mixed layer potential temperature: 301.89
              Mean mixed layer mixing ratio: 13.95
              1000 hPa to 500 hPa thickness: 5787.00
Precipitable water [mm] for entire sounding: 34.94
</PRE>
<P>Description of the 
<A HREF="/upperair/columns.html">data columns</A>
or <A HREF="/upperair/indices.html">sounding indices</A>.

<P>
<FORM>
<INPUT CLASS="button" TYPE="button" VALUE=" Close this window " 
 onClick="window.close();">
<INPUT CLASS="button" TYPE="button" VALUE=" Select another map " 
 onClick="window.blur();">
</FORM>
<HR SIZE="1">
<I>Interested in graduate studies in atmospheric science?
Check out our program at the
<a href="http://www.uwyo.edu/atsc/howtoapply/"
target=_top>University of Wyoming
</a></I>
<HR SIZE="1"><FONT SIZE="-1">
Questions about the weather data provided by this site can be
addressed to <A HREF="mailto:ldoolman@uwyo.edu">
Larry Oolman (ldoolman@uwyo.edu)</A></FONT>
<HR SIZE="1">
<SCRIPT TYPE="text/javascript">
<!--
window.focus();
// -->
</SCRIPT>
</BODY>
</HTML>
