<HTML>
<TITLE>University of Wyoming - Radiosonde Data</TITLE>
<LINK REL="StyleSheet" HREF="/resources/select.css" TYPE="text/css">
<BODY BGCOLOR="white">
<H2>97180 WAAA Ujung Pandang Observations at 12Z 05 Sep 2018</H2>
<PRE>
-----------------------------------------------------------------------------
   PRES   HGHT   TEMP   DWPT   RELH   MIXR   DRCT   SKNT   THTA   THTE   THTV
    hPa     m      C      C      %    g/kg    deg   knot     K      K      K 
-----------------------------------------------------------------------------
 1009.0     14   29.2   18.2     52  13.21      0      0  301.6  340.8  304.0
 1000.0     88   28.6   16.6     48  12.02     35      3  301.8  337.5  303.9
  977.0    293   27.2   15.2     48  11.26     60     11  302.4  336.0  304.4
  925.0    774   24.0   12.0     47   9.61     85     10  303.8  332.8  305.6
  891.0   1099   21.4   11.4     53   9.59     97     13  304.4  333.4  306.2
  881.0   1197   21.1   10.0     49   8.84    100     14  305.1  331.9  306.7
  862.0   1385   20.4    7.4     43   7.55    100     15  306.3  329.4  307.7
  850.0   1505   19.4    6.4     43   7.14    100     15  306.4  328.4  307.8
  822.0   1790   17.4    6.7     50   7.56     85     13  307.2  330.6  308.6
  770.0   2347   13.4    7.4     67   8.46     67     10  308.8  334.9  310.3
  748.0   2592   14.2    7.2     63   8.59     59      8  312.2  339.1  313.8
  700.0   3148    9.4    4.9     73   7.82     40      5  312.9  337.4  314.3
  687.0   3304    8.2    4.4     77   7.71     40      7  313.2  337.4  314.6
  675.0   3450    7.0    4.0     81   7.61     46      9  313.4  337.4  314.9
  619.0   4159    2.4    1.7     95   7.04     75     16  316.0  338.5  317.4
  593.0   4506    1.2    0.1     92   6.54     90     20  318.6  339.7  319.8
  567.0   4869    0.0   -1.6     89   6.04     84     25  321.2  341.0  322.4
  526.0   5468   -4.1   -4.6     96   5.20     74     34  323.3  340.6  324.3
  511.0   5697   -3.5   -6.4     80   4.66     70     37  326.7  342.5  327.6
  504.0   5807   -3.5  -10.5     58   3.43     73     36  328.0  339.8  328.6
  500.0   5870   -3.9  -11.9     54   3.09     75     35  328.2  339.0  328.8
  468.0   6388   -7.3  -19.3     38   1.78     96     29  330.3  336.7  330.6
  455.0   6606   -9.2  -19.8     42   1.75    105     27  330.5  336.9  330.9
  449.0   6709  -10.1  -20.1     44   1.74    102     28  330.7  337.0  331.0
  441.0   6847  -11.1  -15.5     70   2.61     98     29  331.1  340.4  331.6
  405.0   7495  -14.8  -18.1     76   2.28     80     34  334.5  342.8  335.0
  400.0   7590  -15.3  -18.5     76   2.24     85     35  335.0  343.1  335.5
  392.0   7743  -16.3  -21.1     66   1.82     84     35  335.6  342.4  336.0
  376.0   8055  -18.9  -20.9     84   1.93     82     34  336.2  343.3  336.6
  338.0   8841  -24.1  -26.9     78   1.26     76     33  339.5  344.3  339.8
  300.0   9700  -31.1  -33.4     80   0.77     70     32  341.4  344.4  341.6
  258.0  10746  -40.1  -44.5     63   0.28     80     25  343.2  344.4  343.3
  256.0  10799  -40.5                          80     25  343.4         343.4
  250.0  10960  -41.7                          80     27  343.9         343.9
  200.0  12440  -53.9                          80     31  347.2         347.2
  186.0  12892  -58.0                          75     34  347.8         347.8
  165.0  13637  -64.9                          78     35  348.5         348.5
  153.0  14091  -67.9                          80     35  350.9         350.9
  150.0  14210  -68.7                          85     35  351.6         351.6
  131.0  15000  -74.0                         105     40  356.0         356.0
  118.0  15609  -78.0                          90     52  359.3         359.3
  116.0  15709  -78.7                          85     51  359.8         359.8
  111.0  15961  -76.1                          66     33  369.3         369.3
  107.0  16175  -74.4                          50     18  376.4         376.4
  101.0  16512  -71.8                         320     13  387.7         387.7
  100.0  16570  -71.3                         315     14  389.7         389.7
   96.0  16809  -73.0                         305     17  391.0         391.0
   87.3  17366  -76.9                         320     22  393.9         393.9
   82.0  17732  -73.9                         325     15  407.1         407.1
   79.2  17935  -72.3                         349     11  414.5         414.5
   78.0  18025  -72.7                           0      9  415.5         415.5
   74.0  18334  -74.0                         210      3  419.1         419.1
   71.0  18577  -75.0                         185      7  422.0         422.0
   70.0  18660  -75.3                         180      7  423.0         423.0
   69.8  18677  -75.3                         176      7  423.3         423.3
   67.0  18915  -72.1                         120      7  435.1         435.1
   66.1  18994  -71.1                         113      8  439.1         439.1
   64.0  19184  -71.4                          95     10  442.5         442.5
   61.0  19466  -71.9                         125     17  447.6         447.6
   59.5  19613  -72.1                         115     19  450.2         450.2
   57.3  19836  -67.7                         101     23  465.1         465.1
   55.0  20084  -66.2                          85     27  473.9         473.9
   52.7  20342  -64.7                          78     33  483.3         483.3
   50.3  20624  -66.3                          71     40  486.0         486.0
   50.0  20660  -66.5                          70     41  486.4         486.4
   49.3  20746  -63.7                          72     42  494.9         494.9
   41.0  21894  -59.8                         100     51  531.5         531.5
   36.5  22618  -57.3                          96     52  555.8         555.8
   31.0  23652  -56.8                          90     53  583.7         583.7
   30.0  23860  -56.7                          95     53  589.5         589.5
   29.0  24073  -57.1                          97     48  594.1         594.1
   26.0  24762  -55.7                         101     30  616.9         616.9
   24.3  25193  -53.3                         104     19  635.9         635.9
   24.0  25273  -51.8                         105     17  642.5         642.5
   23.4  25437  -48.7                          98     18  656.2         656.2
   22.5  25693  -48.3                          86     18  664.8         664.8
   22.0  25840  -47.1                          80     19  672.7         672.7
   21.5  25993  -42.5                          68     18  690.9         690.9
   21.0  26152  -41.8                          55     16  697.8         697.8
   20.7  26248  -41.3                          26     17  702.0         702.0
   20.0  26480  -42.3                         315     18  705.9         705.9
   19.0  26821  -43.4                         295     27  712.8         712.8
   18.0  27181  -44.6                         280     43  720.2         720.2
   15.0  28393  -48.6                         270     28  745.3         745.3
   14.3  28711  -49.7                                     752.0         752.0
</PRE><H3>Station information and sounding indices</H3><PRE>
                         Station identifier: WAAA
                             Station number: 97180
                           Observation time: 180905/1200
                           Station latitude: -5.06
                          Station longitude: 119.55
                          Station elevation: 14.0
                            Showalter index: 8.19
                               Lifted index: 4.52
    LIFT computed using virtual temperature: 4.37
                                SWEAT index: 141.80
                                    K index: 25.20
                         Cross totals index: 10.30
                      Vertical totals index: 23.30
                        Totals totals index: 33.60
      Convective Available Potential Energy: 0.00
             CAPE using virtual temperature: 0.00
                      Convective Inhibition: 0.00
             CINS using virtual temperature: 0.00
                     Bulk Richardson Number: 0.00
          Bulk Richardson Number using CAPV: 0.00
  Temp [K] of the Lifted Condensation Level: 285.98
Pres [hPa] of the Lifted Condensation Level: 823.74
     Mean mixed layer potential temperature: 302.28
              Mean mixed layer mixing ratio: 11.46
              1000 hPa to 500 hPa thickness: 5782.00
Precipitable water [mm] for entire sounding: 45.62
</PRE>
<P>Description of the 
<A HREF="/upperair/columns.html">data columns</A>
or <A HREF="/upperair/indices.html">sounding indices</A>.

<P>
<FORM>
<INPUT CLASS="button" TYPE="button" VALUE=" Close this window " 
 onClick="window.close();">
<INPUT CLASS="button" TYPE="button" VALUE=" Select another map " 
 onClick="window.blur();">
</FORM>
<HR SIZE="1">
<I>Interested in graduate studies in atmospheric science?
Check out our program at the
<a href="http://www.uwyo.edu/atsc/howtoapply/"
target=_top>University of Wyoming
</a></I>
<HR SIZE="1"><FONT SIZE="-1">
Questions about the weather data provided by this site can be
addressed to <A HREF="mailto:ldoolman@uwyo.edu">
Larry Oolman (ldoolman@uwyo.edu)</A></FONT>
<HR SIZE="1">
<SCRIPT TYPE="text/javascript">
<!--
window.focus();
// -->
</SCRIPT>
</BODY>
</HTML>
