<HTML>
<TITLE>University of Wyoming - Radiosonde Data</TITLE>
<LINK REL="StyleSheet" HREF="/resources/select.css" TYPE="text/css">
<BODY BGCOLOR="white">
<H2>97180 WAAA Ujung Pandang Observations at 12Z 11 Aug 2018</H2>
<PRE>
-----------------------------------------------------------------------------
   PRES   HGHT   TEMP   DWPT   RELH   MIXR   DRCT   SKNT   THTA   THTE   THTV
    hPa     m      C      C      %    g/kg    deg   knot     K      K      K 
-----------------------------------------------------------------------------
 1009.0     14   29.0   23.0     70  17.89      0      0  301.4  354.3  304.6
 1000.0     88   28.2   21.2     66  16.13     20      4  301.4  349.1  304.3
  925.0    772   23.0   18.0     73  14.24    115      9  302.8  345.2  305.4
  881.0   1197   19.7   17.0     84  14.01    170      5  303.7  345.5  306.2
  874.0   1266   19.2   16.8     86  13.97    154      5  303.8  345.6  306.4
  851.0   1497   18.2   16.0     87  13.65    100      5  305.1  346.2  307.6
  850.0   1507   18.2   16.0     87  13.64     95      5  305.2  346.2  307.7
  838.0   1629   18.2   14.8     81  12.79     97      5  306.4  345.1  308.8
  822.0   1793   17.1   13.7     80  12.11    100      5  307.0  343.8  309.3
  793.0   2098   15.2   11.6     79  10.92    135      6  308.1  341.5  310.1
  766.0   2393   13.3    9.6     78   9.87    140      9  309.1  339.5  311.0
  756.0   2505   12.6    8.8     78   9.49    127     10  309.5  338.8  311.3
  739.0   2695   11.7    4.2     60   7.02    105     12  310.6  332.5  311.9
  737.0   2718   11.6    3.6     58   6.77    105     12  310.7  331.9  312.0
  718.0   2936   10.0    5.0     71   7.67    105     12  311.3  335.3  312.7
  713.0   2994    9.7    4.2     68   7.29    105     12  311.6  334.4  312.9
  700.0   3147    9.0    2.0     62   6.36    115     10  312.4  332.5  313.6
  687.0   3301    8.4   -1.8     49   4.92    125      8  313.4  329.2  314.3
  639.0   3896    6.0  -16.3     19   1.69     95      9  317.2  323.1  317.5
  636.0   3935    5.8  -17.2     17   1.57     98      9  317.4  322.9  317.8
  616.0   4194    4.4  -13.7     25   2.16    115     12  318.7  326.1  319.1
  592.0   4516    2.6   -9.4     41   3.18    112     12  320.3  331.1  320.9
  572.0   4792    1.0  -11.6     38   2.78    110     12  321.6  331.1  322.2
  559.0   4977    0.0  -13.0     37   2.53    116     11  322.5  331.2  323.0
  551.0   5091   -0.7  -12.6     40   2.65    120     10  323.1  332.2  323.6
  515.0   5628   -3.7  -10.7     58   3.30    103     11  325.7  337.0  326.4
  510.0   5704   -4.2  -11.2     58   3.20    100     11  326.0  337.0  326.6
  500.0   5860   -5.3  -12.3     58   2.99    115      8  326.5  336.9  327.1
  491.0   6001   -6.2  -13.0     59   2.88    125      6  327.1  337.1  327.7
  473.0   6290   -8.1  -14.4     60   2.67      0      2  328.3  337.7  328.9
  455.0   6591  -10.0  -15.8     62   2.47     25      6  329.6  338.3  330.1
  422.0   7174  -13.7  -18.6     67   2.10     54      5  332.0  339.5  332.4
  421.0   7192  -13.8  -18.8     66   2.08     55      5  332.1  339.5  332.5
  400.0   7580  -16.3  -22.3     60   1.61     45     12  333.7  339.6  334.0
  389.0   7788  -17.4  -24.9     52   1.31     45     13  334.9  339.8  335.1
  373.0   8102  -19.2  -28.8     42   0.96     85     11  336.6  340.3  336.8
  356.0   8450  -21.1  -33.1     33   0.66     92     15  338.6  341.2  338.7
  317.0   9291  -27.9  -39.9     31   0.38    110     25  340.6  342.1  340.6
  300.0   9690  -31.1  -43.1     30   0.28     90     26  341.4  342.6  341.5
  289.0   9952  -33.7  -44.7     32   0.25     85     31  341.4  342.4  341.4
  256.0  10787  -39.0  -55.1     17   0.09     70     49  345.5  345.9  345.5
  250.0  10950  -40.1  -57.1     15   0.07     70     51  346.3  346.6  346.3
  200.0  12430  -52.5                          65     34  349.5         349.5
  153.0  14106  -66.1                          55     27  354.0         354.0
  150.0  14230  -67.1                          60     27  354.3         354.3
  141.0  14600  -70.7                          64     29  354.3         354.3
  139.0  14682  -71.2                          65     29  354.9         354.9
  125.0  15294  -74.7                         110     31  359.5         359.5
  113.0  15876  -78.0                         110     26  363.8         363.8
  101.0  16523  -81.8                         140     31  368.4         368.4
  100.0  16580  -82.1                         135     32  368.9         368.9
   95.8  16818  -83.7                         120     35  370.3         370.3
   93.5  16954  -79.1                         108     34  381.9         381.9
   91.0  17109  -76.5                          95     33  390.0         390.0
   87.8  17315  -73.1                          47     13  400.9         400.9
   87.0  17368  -72.8                          35      8  402.6         402.6
   83.5  17609  -71.3                         333     14  410.3         410.3
   82.0  17715  -71.6                         305     17  411.9         411.9
   78.0  18008  -72.3                         295      7  416.3         416.3
   74.0  18316  -73.1                         195      4  420.9         420.9
   72.1  18468  -73.5                         169      4  423.2         423.2
   70.0  18640  -72.7                         140      4  428.5         428.5
   67.3  18871  -73.1                         113     13  432.5         432.5
   67.0  18898  -72.7                         110     14  433.9         433.9
   63.1  19255  -67.5                          94     25  452.9         452.9
   61.0  19459  -67.3                          85     31  457.8         457.8
   56.2  19955  -66.7                          85     36  469.9         469.9
   55.0  20086  -64.7                          85     37  477.3         477.3
   54.5  20142  -63.9                          85     38  480.5         480.5
   50.0  20670  -64.9                          85     44  490.1         490.1
   48.2  20893  -65.5                          86     44  493.9         493.9
   46.6  21099  -62.5                          87     44  505.9         505.9
   35.2  22850  -56.7                          95     45  563.2         563.2
   35.0  22886  -56.8                          95     45  563.9         563.9
   32.4  23373  -57.7                         103     44  574.0         574.0
   30.0  23860  -55.9                         110     43  591.6         591.6
   29.0  24077  -54.8                         105     46  600.4         600.4
   27.0  24534  -52.6                          90     50  619.1         619.1
   26.1  24751  -51.5                          87     42  628.1         628.1
   23.0  25569  -51.2                          75     12  652.1         652.1
   22.0  25857  -51.1                         130     14  660.8         660.8
   21.3  26067  -48.3                         106     17  675.3         675.3
   21.0  26160  -48.4                          95     18  677.9         677.9
   20.0  26480  -48.5                         100     28  687.0         687.0
   19.6  26613  -49.5                         100     30  687.9         687.9
   19.0  26816  -49.0                         100     32  695.6         695.6
   18.7  26921  -48.7                         147     27  699.6         699.6
   18.0  27174  -45.2                         260     14  718.2         718.2
   17.7  27286  -43.7                         256     15  726.5         726.5
   17.3  27440  -42.3                         250     15  735.8         735.8
   16.0  27965  -44.5                         230     18  745.1         745.1
   15.9  28007  -44.7                                     745.9         745.9
</PRE><H3>Station information and sounding indices</H3><PRE>
                         Station identifier: WAAA
                             Station number: 97180
                           Observation time: 180811/1200
                           Station latitude: -5.06
                          Station longitude: 119.55
                          Station elevation: 14.0
                            Showalter index: -0.85
                               Lifted index: -1.64
    LIFT computed using virtual temperature: -2.12
                                SWEAT index: 209.99
                                    K index: 32.50
                         Cross totals index: 21.30
                      Vertical totals index: 23.50
                        Totals totals index: 44.80
      Convective Available Potential Energy: 439.80
             CAPE using virtual temperature: 591.78
                      Convective Inhibition: -60.59
             CINS using virtual temperature: -43.98
                           Equilibrum Level: 248.36
 Equilibrum Level using virtual temperature: 245.95
                   Level of Free Convection: 769.55
             LFCT using virtual temperature: 789.49
                     Bulk Richardson Number: 91.21
          Bulk Richardson Number using CAPV: 122.73
  Temp [K] of the Lifted Condensation Level: 292.14
Pres [hPa] of the Lifted Condensation Level: 893.27
     Mean mixed layer potential temperature: 301.74
              Mean mixed layer mixing ratio: 15.77
              1000 hPa to 500 hPa thickness: 5772.00
Precipitable water [mm] for entire sounding: 48.53
</PRE>
<P>Description of the 
<A HREF="/upperair/columns.html">data columns</A>
or <A HREF="/upperair/indices.html">sounding indices</A>.

<P>
<FORM>
<INPUT CLASS="button" TYPE="button" VALUE=" Close this window " 
 onClick="window.close();">
<INPUT CLASS="button" TYPE="button" VALUE=" Select another map " 
 onClick="window.blur();">
</FORM>
<HR SIZE="1">
<I>Interested in graduate studies in atmospheric science?
Check out our program at the
<a href="http://www.uwyo.edu/atsc/howtoapply/"
target=_top>University of Wyoming
</a></I>
<HR SIZE="1"><FONT SIZE="-1">
Questions about the weather data provided by this site can be
addressed to <A HREF="mailto:ldoolman@uwyo.edu">
Larry Oolman (ldoolman@uwyo.edu)</A></FONT>
<HR SIZE="1">
<SCRIPT TYPE="text/javascript">
<!--
window.focus();
// -->
</SCRIPT>
</BODY>
</HTML>
