<HTML>
<TITLE>University of Wyoming - Radiosonde Data</TITLE>
<LINK REL="StyleSheet" HREF="/resources/select.css" TYPE="text/css">
<BODY BGCOLOR="white">
<H2>97180 WAAA Ujung Pandang Observations at 12Z 16 Sep 2018</H2>
<PRE>
-----------------------------------------------------------------------------
   PRES   HGHT   TEMP   DWPT   RELH   MIXR   DRCT   SKNT   THTA   THTE   THTV
    hPa     m      C      C      %    g/kg    deg   knot     K      K      K 
-----------------------------------------------------------------------------
 1007.0     14   30.2   22.2     62  17.05      0      0  302.8  353.5  305.8
 1006.0     23   30.2   15.2     40  10.91     16      1  302.8  335.5  304.8
 1000.0     78   30.0   15.0     40  10.83    110      9  303.1  335.6  305.1
  975.0    302   28.2   14.2     42  10.56     80     10  303.6  335.3  305.5
  925.0    767   24.6   12.6     47  10.00     85     15  304.5  334.7  306.3
  914.0    872   23.8   12.8     50  10.26     83     15  304.7  335.7  306.6
  855.0   1451   21.4    8.4     43   8.15     71     13  308.0  333.2  309.6
  850.0   1502   21.0    8.0     43   7.98     70     13  308.1  332.8  309.6
  821.0   1798   18.3    7.1     48   7.77     85     13  308.4  332.4  309.8
  765.0   2400   12.9    5.3     60   7.35     90     10  308.8  331.6  310.2
  756.0   2500   12.0    5.0     62   7.28     78     10  308.9  331.5  310.2
  728.0   2817   11.8    3.8     58   6.95     42      9  312.0  333.9  313.3
  712.0   3002   10.7    2.1     55   6.29     20      9  312.7  332.7  313.9
  700.0   3144    9.8    0.8     53   5.83     30     12  313.3  331.9  314.4
  639.0   3896    5.5   -0.3     66   5.89     55     19  316.7  335.7  317.8
  624.0   4092    4.4   -0.6     70   5.90     51     19  317.6  336.7  318.7
  597.0   4452    3.0   -6.0     52   4.11     44     18  320.0  333.7  320.8
  564.0   4911    0.0   -7.0     59   4.03     35     18  321.7  335.2  322.5
  535.0   5334   -1.9  -16.9     31   1.91     27     17  324.3  331.1  324.7
  530.0   5408   -2.1  -17.6     30   1.83     25     17  324.9  331.4  325.3
  523.0   5514   -2.5  -18.5     28   1.71     28     18  325.7  331.8  326.1
  501.0   5854   -4.9  -10.9     63   3.34     39     20  326.8  338.3  327.5
  500.0   5870   -4.9   -9.9     68   3.63     40     20  327.0  339.4  327.7
  476.0   6255   -6.1  -14.1     53   2.71     51     16  330.1  339.7  330.7
  458.0   6555   -7.5  -18.5     41   1.95     60     13  332.1  339.1  332.4
  438.0   6899  -10.4  -19.3     48   1.90     70     10  332.7  339.6  333.1
  429.0   7058  -11.7  -19.7     52   1.88     65     12  333.0  339.8  333.4
  405.0   7496  -14.0  -23.6     44   1.41     50     17  335.5  340.8  335.8
  400.0   7590  -14.5  -24.5     42   1.32     50     17  336.1  341.0  336.3
  368.0   8218  -18.7  -36.7     19   0.45     73     20  338.6  340.4  338.7
  345.0   8690  -22.2  -39.9     19   0.35     90     22  340.1  341.5  340.2
  304.0   9615  -29.1  -46.1     18   0.20     95     30  342.9  343.8  343.0
  300.0   9710  -29.7  -46.7     18   0.19     95     31  343.4  344.2  343.4
  268.0  10501  -36.9  -50.0     24   0.15     95     34  344.2  344.9  344.2
  267.0  10528  -37.1  -50.1     25   0.15     94     33  344.2  344.9  344.3
  257.0  10790  -38.3  -54.7     16   0.09     80     26  346.3  346.7  346.3
  250.0  10980  -39.1  -58.1     12   0.06     50     20  347.8  348.1  347.8
  246.0  11090  -39.7  -59.2     11   0.05     35     22  348.6  348.8  348.6
  243.0  11174  -40.1  -60.1     10   0.05     34     23  349.1  349.4  349.1
  200.0  12470  -51.3                          25     39  351.4         351.4
  170.0  13487  -60.2                          30     52  353.3         353.3
  150.0  14270  -67.1                          35     60  354.3         354.3
  146.0  14432  -68.7                          35     59  354.3         354.3
  126.0  15276  -74.7                          35     56  358.7         358.7
  102.0  16487  -83.3                          50     37  364.5         364.5
  100.0  16600  -84.1                          55     33  365.0         365.0
   97.0  16768  -85.2                          65     26  366.1         366.1
   91.8  17071  -87.1                         105     23  368.1         368.1
   91.0  17119  -87.0                         110     25  369.1         369.1
   89.2  17229  -86.9                         106     33  371.5         371.5
   87.0  17373  -83.8                         100     43  380.5         380.5
   75.7  18176  -66.3                          57     18  432.4         432.4
   74.0  18314  -66.8                          50     14  434.1         434.1
   70.0  18650  -68.1                          75     13  438.4         438.4
   68.6  18771  -68.9                          84     15  439.2         439.2
   65.8  19022  -67.3                         103     20  447.9         447.9
   64.0  19188  -67.7                         115     23  450.6         450.6
   54.9  20109  -69.9                          87     32  465.8         465.8
   50.0  20670  -67.3                          70     37  484.5         484.5
   45.4  21251  -66.1                          77     44  500.9         500.9
   43.0  21582  -62.3                          81     48  518.1         518.1
   35.3  22822  -56.6                          95     62  563.0         563.0
   35.0  22876  -56.3                          95     62  565.0         565.0
   31.3  23578  -53.1                          90     35  592.1         592.1
   31.0  23640  -53.1                          90     33  593.7         593.7
   30.0  23850  -53.1                          95     27  599.3         599.3
   28.0  24293  -53.4                         110     10  610.5         610.5
   27.0  24526  -53.5                          85      6  616.5         616.5
   25.7  24843  -53.7                          89      9  624.7         624.7
   24.0  25285  -51.6                          95     12  643.0         643.0
   23.0  25561  -50.4                         250      2  654.6         654.6
   22.5  25703  -49.7                         244      3  660.7         660.7
   20.0  26470  -50.5                         210      9  680.8         680.8
   19.6  26601  -51.5                         223     10  681.7         681.7
   18.1  27119  -50.7                         276     14  699.9         699.9
   18.0  27155  -50.2                         280     14  702.6         702.6
   17.4  27378  -47.1                         310     15  719.3         719.3
   17.0  27533  -46.3                         330     15  726.7         726.7
   15.8  28021  -43.7                         301     27  750.5         750.5
   15.0  28368  -44.6                         280     36  758.6         758.6
   13.4  29120  -46.7                         268     28  776.4         776.4
   13.0  29322  -46.1                         265     26  785.0         785.0
   12.0  29856  -44.7                         285     15  808.3         808.3
   11.6  30082  -44.1                                     818.4         818.4
</PRE><H3>Station information and sounding indices</H3><PRE>
                         Station identifier: WAAA
                             Station number: 97180
                           Observation time: 180916/1200
                           Station latitude: -5.06
                          Station longitude: 119.55
                          Station elevation: 14.0
                            Showalter index: 5.14
                               Lifted index: 3.93
    LIFT computed using virtual temperature: 3.89
                                SWEAT index: 142.00
                                    K index: 24.90
                         Cross totals index: 12.90
                      Vertical totals index: 25.90
                        Totals totals index: 38.80
      Convective Available Potential Energy: 0.00
             CAPE using virtual temperature: 0.00
                      Convective Inhibition: 0.00
             CINS using virtual temperature: 0.00
                     Bulk Richardson Number: 0.00
          Bulk Richardson Number using CAPV: 0.00
  Temp [K] of the Lifted Condensation Level: 284.40
Pres [hPa] of the Lifted Condensation Level: 796.73
     Mean mixed layer potential temperature: 303.49
              Mean mixed layer mixing ratio: 10.66
              1000 hPa to 500 hPa thickness: 5792.00
Precipitable water [mm] for entire sounding: 38.86
</PRE>
<P>Description of the 
<A HREF="/upperair/columns.html">data columns</A>
or <A HREF="/upperair/indices.html">sounding indices</A>.

<P>
<FORM>
<INPUT CLASS="button" TYPE="button" VALUE=" Close this window " 
 onClick="window.close();">
<INPUT CLASS="button" TYPE="button" VALUE=" Select another map " 
 onClick="window.blur();">
</FORM>
<HR SIZE="1">
<I>Interested in graduate studies in atmospheric science?
Check out our program at the
<a href="http://www.uwyo.edu/atsc/howtoapply/"
target=_top>University of Wyoming
</a></I>
<HR SIZE="1"><FONT SIZE="-1">
Questions about the weather data provided by this site can be
addressed to <A HREF="mailto:ldoolman@uwyo.edu">
Larry Oolman (ldoolman@uwyo.edu)</A></FONT>
<HR SIZE="1">
<SCRIPT TYPE="text/javascript">
<!--
window.focus();
// -->
</SCRIPT>
</BODY>
</HTML>
