<HTML>
<TITLE>University of Wyoming - Radiosonde Data</TITLE>
<LINK REL="StyleSheet" HREF="/resources/select.css" TYPE="text/css">
<BODY BGCOLOR="white">
<H2>97180 WAAA Ujung Pandang Observations at 12Z 31 Aug 2018</H2>
<PRE>
-----------------------------------------------------------------------------
   PRES   HGHT   TEMP   DWPT   RELH   MIXR   DRCT   SKNT   THTA   THTE   THTV
    hPa     m      C      C      %    g/kg    deg   knot     K      K      K 
-----------------------------------------------------------------------------
 1010.0     14   29.0   26.3     85  21.91      0      0  301.3  366.3  305.2
 1007.0     40   28.2   22.2     70  17.05    353      2  300.8  351.1  303.8
 1000.0    102   28.2   21.2     66  16.13    335      7  301.4  349.1  304.3
  978.0    299   26.9   17.7     57  13.20    355      9  301.9  341.1  304.3
  970.0    372   26.4   16.4     54  12.24      3      9  302.2  338.6  304.4
  945.0    601   24.4   17.7     66  13.69     30     10  302.4  343.1  304.9
  925.0    789   22.8   18.8     78  15.00     45      9  302.6  347.2  305.3
  882.0   1201   19.9   17.6     86  14.53     65      3  303.8  347.2  306.4
  857.0   1450   18.2   16.8     92  14.25    144      4  304.5  347.2  307.1
  852.0   1500   18.3   16.1     87  13.68    160      4  305.1  346.3  307.6
  850.0   1520   18.4   15.8     85  13.46    165      4  305.4  345.9  307.9
  843.0   1591   18.8   10.8     60   9.74    173      5  306.6  336.2  308.4
  823.0   1798   16.8   11.2     69  10.24    195      7  306.6  337.7  308.4
  817.0   1860   16.2   11.3     73  10.40    196      7  306.6  338.1  308.5
  790.0   2147   15.6    7.6     59   8.36    203      7  308.9  334.7  310.4
  740.0   2698   12.1    5.2     63   7.56    215      7  310.9  334.6  312.3
  700.0   3166    9.2    3.2     66   6.93    200     11  312.6  334.5  313.9
  697.0   3202    9.0    4.0     71   7.37    198     11  312.8  336.0  314.2
  681.0   3393    8.0   -1.0     53   5.25    190     10  313.8  330.6  314.8
  664.0   3601    6.3    0.3     65   5.92    180      9  314.1  333.1  315.3
  655.0   3713    5.4    1.0     73   6.32    169      8  314.3  334.5  315.5
  640.0   3900    4.3   -0.6     70   5.75    150      7  315.2  333.6  316.2
  608.0   4316    1.8   -4.2     64   4.63    141      8  316.9  332.1  317.8
  593.0   4517    0.4   -6.6     59   3.95    137      9  317.6  330.6  318.4
  580.0   4694    0.0  -13.0     37   2.44    134     10  319.1  327.4  319.6
  571.0   4819   -0.3  -13.3     37   2.41    131     10  320.2  328.5  320.7
  568.0   4861   -0.5  -12.5     40   2.59    130     10  320.5  329.3  321.0
  561.0   4960   -0.5  -15.5     31   2.05    128     11  321.6  328.7  322.0
  557.0   5017   -0.9  -12.9     40   2.56    127     11  321.8  330.6  322.3
  551.0   5103   -1.3  -13.4     39   2.47    125     11  322.3  330.8  322.8
  531.0   5395   -2.8  -15.3     38   2.21    100     15  324.0  331.7  324.4
  508.0   5745   -4.5  -17.5     36   1.92    100     13  326.0  332.8  326.4
  501.0   5854   -4.7  -21.7     25   1.35    100     12  327.1  332.0  327.3
  500.0   5870   -4.7  -21.7     25   1.36    100     12  327.2  332.2  327.5
  474.0   6288   -8.1  -16.1     53   2.31    100     17  328.1  336.2  328.5
  457.0   6572   -9.3  -20.3     40   1.68    100     20  330.0  336.1  330.3
  456.0   6588   -9.4  -20.3     41   1.68    100     20  330.1  336.2  330.4
  422.0   7184  -13.5  -19.5     61   1.94     93     21  332.2  339.3  332.6
  405.0   7496  -15.2  -23.5     49   1.43     90     21  334.0  339.3  334.3
  400.0   7590  -15.7  -24.7     46   1.30     85     20  334.5  339.3  334.8
  386.0   7859  -16.9  -28.9     35   0.92     73     20  336.3  339.9  336.5
  353.0   8525  -22.9  -31.9     44   0.75     43     18  337.0  339.9  337.1
  345.0   8690  -24.2  -33.5     42   0.66     35     18  337.5  340.1  337.6
  300.0   9700  -31.9  -42.9     33   0.29     60     23  340.3  341.5  340.4
  279.0  10204  -36.1  -48.6     26   0.17     70     22  341.4  342.1  341.5
  268.0  10483  -38.4  -51.7     23   0.12     85     22  342.0  342.6  342.1
  260.0  10694  -40.1  -54.1     21   0.09     78     24  342.4  342.9  342.5
  250.0  10960  -42.5                          70     27  342.7         342.7
  214.0  11977  -51.3                          65     50  344.7         344.7
  200.0  12420  -55.1                          65     65  345.4         345.4
  198.0  12484  -55.7                          65     66  345.4         345.4
  178.0  13157  -60.9                          62     74  347.6         347.6
  169.0  13481  -61.2                          60     78  352.2         352.2
  162.0  13744  -61.5                          64     65  356.0         356.0
  150.0  14220  -64.5                          70     40  358.8         358.8
  146.0  14380  -65.9                          75     33  359.2         359.2
  125.0  15297  -73.7                         125     14  361.3         361.3
  116.0  15739  -77.5                         160     12  362.1         362.1
  113.0  15889  -77.3                         165     14  365.2         365.2
  107.0  16202  -76.8                         140      4  371.8         371.8
  102.0  16476  -76.5                         195      3  377.6         377.6
  100.0  16590  -76.3                         170      5  380.1         380.1
   97.0  16767  -75.2                         140      5  385.6         385.6
   96.3  16809  -74.9                         136      5  386.9         386.9
   88.7  17285  -78.1                          87     11  389.7         389.7
   87.0  17397  -77.9                          75     12  392.2         392.2
   83.0  17668  -77.5                          15     14  398.4         398.4
   79.3  17930  -77.1                          11     17  404.4         404.4
   78.0  18027  -76.1                          10     18  408.5         408.5
   74.8  18271  -73.5                         346     12  418.8         418.8
   74.0  18334  -73.6                         340     10  420.0         420.0
   71.0  18577  -73.8                          60      5  424.4         424.4
   70.0  18660  -73.9                          75      7  426.0         426.0
   65.6  19038  -73.5                          93     21  434.8         434.8
   64.0  19184  -71.2                         100     27  443.0         443.0
   61.7  19400  -67.7                         102     32  455.3         455.3
   55.0  20094  -65.8                         110     47  474.8         474.8
   50.0  20670  -64.3                          85     59  491.5         491.5
   45.0  21322  -63.1                          85     57  509.5         509.5
   39.0  22207  -61.4                          95     66  535.0         535.0
   36.0  22703  -60.5                          88     66  549.7         549.7
   31.0  23650  -54.7                          75     67  589.4         589.4
   30.7  23711  -54.3                          75     67  592.1         592.1
   30.0  23860  -53.3                          75     59  598.7         598.7
   29.0  24080  -48.5                          70     38  617.8         617.8
   28.0  24311  -48.0                          65     16  625.3         625.3
   27.0  24550  -47.5                         280      7  633.2         633.2
   26.1  24773  -47.1                         256     12  640.6         640.6
   25.0  25056  -49.1                         224     17  642.8         642.8
   24.0  25324  -47.3                         195     23  655.6         655.6
   23.0  25604  -48.0                         170     15  661.5         661.5
   22.0  25895  -48.7                          95      4  667.8         667.8
   21.0  26201  -49.5                         315     15  674.4         674.4
   20.0  26520  -48.3                         290     17  687.6         687.6
   19.7  26620  -47.1                         285     18  694.2         694.2
   18.0  27215  -48.2                         255     23  708.9         708.9
   17.3  27476  -48.7                                     715.4         715.4
</PRE><H3>Station information and sounding indices</H3><PRE>
                         Station identifier: WAAA
                             Station number: 97180
                           Observation time: 180831/1200
                           Station latitude: -5.06
                          Station longitude: 119.55
                          Station elevation: 14.0
                            Showalter index: -0.14
                               Lifted index: 0.65
    LIFT computed using virtual temperature: 0.03
                                SWEAT index: 209.61
                                    K index: 32.90
                         Cross totals index: 20.50
                      Vertical totals index: 23.10
                        Totals totals index: 43.60
      Convective Available Potential Energy: 61.88
             CAPE using virtual temperature: 134.51
                      Convective Inhibition: -145.63
             CINS using virtual temperature: -110.58
                           Equilibrum Level: 296.15
 Equilibrum Level using virtual temperature: 285.00
                   Level of Free Convection: 671.65
             LFCT using virtual temperature: 703.15
                     Bulk Richardson Number: 4.02
          Bulk Richardson Number using CAPV: 8.74
  Temp [K] of the Lifted Condensation Level: 290.15
Pres [hPa] of the Lifted Condensation Level: 871.78
     Mean mixed layer potential temperature: 301.77
              Mean mixed layer mixing ratio: 14.33
              1000 hPa to 500 hPa thickness: 5768.00
Precipitable water [mm] for entire sounding: 47.47
</PRE>
<P>Description of the 
<A HREF="/upperair/columns.html">data columns</A>
or <A HREF="/upperair/indices.html">sounding indices</A>.

<P>
<FORM>
<INPUT CLASS="button" TYPE="button" VALUE=" Close this window " 
 onClick="window.close();">
<INPUT CLASS="button" TYPE="button" VALUE=" Select another map " 
 onClick="window.blur();">
</FORM>
<HR SIZE="1">
<I>Interested in graduate studies in atmospheric science?
Check out our program at the
<a href="http://www.uwyo.edu/atsc/howtoapply/"
target=_top>University of Wyoming
</a></I>
<HR SIZE="1"><FONT SIZE="-1">
Questions about the weather data provided by this site can be
addressed to <A HREF="mailto:ldoolman@uwyo.edu">
Larry Oolman (ldoolman@uwyo.edu)</A></FONT>
<HR SIZE="1">
<SCRIPT TYPE="text/javascript">
<!--
window.focus();
// -->
</SCRIPT>
</BODY>
</HTML>
