<HTML>
<TITLE>University of Wyoming - Radiosonde Data</TITLE>
<LINK REL="StyleSheet" HREF="/resources/select.css" TYPE="text/css">
<BODY BGCOLOR="white">
<H2>97180 WAAA Ujung Pandang Observations at 12Z 07 Aug 2018</H2>
<PRE>
-----------------------------------------------------------------------------
   PRES   HGHT   TEMP   DWPT   RELH   MIXR   DRCT   SKNT   THTA   THTE   THTV
    hPa     m      C      C      %    g/kg    deg   knot     K      K      K 
-----------------------------------------------------------------------------
 1009.0     14   29.0   21.0     62  15.78      0      0  301.4  348.1  304.2
 1000.0     86   27.8   19.8     62  14.76     75     11  300.9  344.6  303.6
  976.0    302   26.2   19.2     65  14.54     70      8  301.5  344.5  304.1
  925.0    778   22.8   17.8     73  14.06     75      7  302.6  344.4  305.2
  912.0    900   22.0   17.4     75  13.90     80      8  303.0  344.4  305.5
  909.0    929   21.8   17.3     76  13.86     83      8  303.1  344.4  305.6
  852.0   1485   18.2   15.9     86  13.52    134      4  305.0  345.6  307.5
  851.0   1495   18.1   15.8     87  13.49    135      4  305.0  345.5  307.5
  850.0   1505   18.0   15.8     87  13.46    135      4  305.0  345.4  307.4
  833.0   1678   17.2   14.6     85  12.70    115      3  305.9  344.2  308.2
  830.0   1709   16.8   14.3     85  12.50    111      3  305.8  343.5  308.1
  821.0   1802   17.1   10.5     65   9.79    100      2  307.1  336.9  308.9
  818.0   1834   17.2    9.2     59   9.00    119      2  307.5  335.1  309.2
  793.0   2096   15.2    8.0     62   8.54    280      3  308.1  334.4  309.6
  758.0   2479   12.2    6.2     67   7.90    258     11  308.9  333.3  310.3
  748.0   2590   11.4    5.4     67   7.57    252     13  309.2  332.7  310.6
  738.0   2702   11.5   -0.9     42   4.89    245     15  310.5  326.1  311.4
  734.0   2748   11.6   -3.4     35   4.07    245     15  311.1  324.1  311.8
  732.0   2770   11.6   -5.4     30   3.51    245     15  311.3  322.7  312.0
  731.0   2782   11.4   -1.6     40   4.68    245     15  311.2  326.1  312.1
  700.0   3142    9.2  -17.8     13   1.36    245     14  312.6  317.3  312.9
  662.0   3599    7.1  -22.5     10   0.95    235     11  315.3  318.7  315.5
  616.0   4190    4.4  -28.6      7   0.59    270      3  318.8  320.9  318.9
  593.0   4496    2.3  -23.5     13   0.97    180      3  319.8  323.3  320.0
  569.0   4829    0.0  -18.0     24   1.64    128      5  320.9  326.6  321.2
  550.0   5100   -2.4  -11.8     48   2.82     85      6  321.2  330.8  321.8
  549.0   5114   -2.5  -11.5     50   2.91     85      6  321.2  331.1  321.8
  535.0   5319   -3.5   -8.2     70   3.87     78      8  322.4  335.4  323.2
  500.0   5850   -7.3  -12.3     67   2.99     60     13  324.1  334.3  324.7
  476.0   6232  -10.7  -13.2     82   2.92     51     14  324.5  334.5  325.0
  472.0   6297  -10.7  -13.7     79   2.83     50     14  325.2  335.0  325.8
  468.0   6363  -10.5  -16.5     61   2.26     55     14  326.3  334.2  326.7
  465.0   6413   -9.5  -20.5     40   1.62     58     15  328.1  334.0  328.4
  457.0   6547   -8.1  -24.1     26   1.20     68     15  331.5  336.0  331.8
  438.0   6878   -7.9  -34.9      9   0.45     92     17  335.8  337.6  335.9
  420.0   7204   -9.3  -41.7      5   0.23    115     19  338.0  339.0  338.1
  418.0   7241   -9.5  -42.5      5   0.22    114     19  338.3  339.2  338.3
  404.0   7503  -11.5  -41.4      6   0.25    105     19  339.0  340.0  339.0
  400.0   7580  -12.1  -41.1      7   0.26    105     20  339.2  340.3  339.2
  373.0   8109  -16.3  -42.7      8   0.24    115     23  340.5  341.5  340.6
  369.0   8190  -16.9  -42.9      9   0.24    113     23  340.7  341.7  340.8
  304.0   9603  -29.6  -43.5     25   0.27     70     24  342.2  343.3  342.3
  300.0   9700  -30.5  -43.5     27   0.27     75     24  342.3  343.4  342.3
  256.0  10808  -40.1  -49.1     38   0.17     58     41  344.0  344.7  344.0
  250.0  10970  -41.1                          55     43  344.8         344.8
  214.0  11994  -49.3                          45     60  347.7         347.7
  200.0  12440  -52.9                          40     61  348.8         348.8
  170.0  13467  -61.9                          43     67  350.5         350.5
  153.0  14109  -66.8                          45     71  352.9         352.9
  150.0  14230  -67.7                          45     72  353.3         353.3
  125.0  15287  -74.0                          85     48  360.8         360.8
  107.0  16188  -79.4                          85     32  367.0         367.0
  100.0  16580  -81.7                         105     39  369.6         369.6
   98.9  16642  -82.1                         105     42  370.0         370.0
   96.0  16813  -80.3                         100     46  376.7         376.7
   91.0  17119  -77.1                          80     34  388.8         388.8
   88.6  17272  -75.5                          53     24  395.0         395.0
   87.0  17378  -75.5                          35     17  397.1         397.1
   84.4  17555  -75.5                          17     17  400.6         400.6
   82.2  17710  -71.9                           1     17  410.9         410.9
   82.0  17724  -71.9                           0     17  411.2         411.2
   74.0  18331  -73.0                         330      7  421.2         421.2
   73.0  18411  -73.1                           1      7  422.6         422.6
   71.0  18576  -71.4                          65      6  429.6         429.6
   70.0  18660  -70.5                          65      6  433.2         433.2
   69.7  18685  -70.3                          65      6  434.2         434.2
   64.0  19189  -71.2                          60     10  442.9         442.9
   63.4  19245  -71.3                          66     11  443.9         443.9
   58.0  19775  -67.4                         125     25  464.1         464.1
   57.3  19847  -66.9                         123     26  466.9         466.9
   50.0  20670  -65.7                         105     35  488.2         488.2
   46.3  21138  -62.9                          97     41  505.8         505.8
   42.1  21720  -64.3                          88     48  516.3         516.3
   39.0  22193  -62.7                          80     54  531.8         531.8
   30.9  23634  -57.7                          89     51  581.8         581.8
   30.0  23820  -56.5                          90     51  590.0         590.0
   28.3  24192  -52.7                          84     50  610.5         610.5
   27.0  24497  -51.5                          80     50  622.0         622.0
   24.0  25262  -48.6                          75     35  651.7         651.7
   23.1  25511  -47.7                          57     23  661.6         661.6
   23.0  25539  -47.7                          55     22  662.5         662.5
   22.0  25832  -47.3                         330      7  672.1         672.1
   21.0  26139  -46.9                         260     15  682.2         682.2
   20.0  26460  -46.5                         255     21  693.1         693.1
   18.0  27160  -46.1                         250     15  715.4         715.4
   17.8  27234  -46.1                         252     15  717.8         717.8
   15.0  28368  -47.3                         290     22  749.8         749.8
   14.6  28547  -47.5                                     754.9         754.9
</PRE><H3>Station information and sounding indices</H3><PRE>
                         Station identifier: WAAA
                             Station number: 97180
                           Observation time: 180807/1200
                           Station latitude: -5.06
                          Station longitude: 119.55
                          Station elevation: 14.0
                            Showalter index: -2.56
                               Lifted index: -2.31
    LIFT computed using virtual temperature: -2.69
                                SWEAT index: 210.60
                                    K index: 14.10
                         Cross totals index: 23.10
                      Vertical totals index: 25.30
                        Totals totals index: 48.40
      Convective Available Potential Energy: 122.03
             CAPE using virtual temperature: 229.39
                      Convective Inhibition: -100.61
             CINS using virtual temperature: -80.13
                           Equilibrum Level: 460.79
 Equilibrum Level using virtual temperature: 459.09
                   Level of Free Convection: 752.45
             LFCT using virtual temperature: 772.30
                     Bulk Richardson Number: 13.44
          Bulk Richardson Number using CAPV: 25.27
  Temp [K] of the Lifted Condensation Level: 290.84
Pres [hPa] of the Lifted Condensation Level: 882.54
     Mean mixed layer potential temperature: 301.42
              Mean mixed layer mixing ratio: 14.66
              1000 hPa to 500 hPa thickness: 5764.00
Precipitable water [mm] for entire sounding: 39.98
</PRE>
<P>Description of the 
<A HREF="/upperair/columns.html">data columns</A>
or <A HREF="/upperair/indices.html">sounding indices</A>.

<P>
<FORM>
<INPUT CLASS="button" TYPE="button" VALUE=" Close this window " 
 onClick="window.close();">
<INPUT CLASS="button" TYPE="button" VALUE=" Select another map " 
 onClick="window.blur();">
</FORM>
<HR SIZE="1">
<I>Interested in graduate studies in atmospheric science?
Check out our program at the
<a href="http://www.uwyo.edu/atsc/howtoapply/"
target=_top>University of Wyoming
</a></I>
<HR SIZE="1"><FONT SIZE="-1">
Questions about the weather data provided by this site can be
addressed to <A HREF="mailto:ldoolman@uwyo.edu">
Larry Oolman (ldoolman@uwyo.edu)</A></FONT>
<HR SIZE="1">
<SCRIPT TYPE="text/javascript">
<!--
window.focus();
// -->
</SCRIPT>
</BODY>
</HTML>
