<HTML>
<TITLE>University of Wyoming - Radiosonde Data</TITLE>
<LINK REL="StyleSheet" HREF="/resources/select.css" TYPE="text/css">
<BODY BGCOLOR="white">
<H2>97180 WAAA Ujung Pandang Observations at 12Z 03 Aug 2018</H2>
<PRE>
-----------------------------------------------------------------------------
   PRES   HGHT   TEMP   DWPT   RELH   MIXR   DRCT   SKNT   THTA   THTE   THTV
    hPa     m      C      C      %    g/kg    deg   knot     K      K      K 
-----------------------------------------------------------------------------
 1011.0     14   27.8   21.8     70  16.56    130      4  300.0  348.7  303.0
 1010.0     22   26.0   21.5     76  16.27    126      4  298.3  345.8  301.2
 1000.0    107   26.2   21.4     75  16.33     85      9  299.4  347.2  302.3
  984.0    249   25.8   19.8     69  15.01     91      8  300.3  344.5  303.0
  945.0    602   23.6   17.6     69  13.56    105      4  301.6  341.8  304.0
  925.0    789   22.4   16.4     69  12.84    135      3  302.2  340.4  304.5
  913.0    902   21.5   16.0     71  12.66    160      4  302.4  340.1  304.7
  859.0   1429   17.4   14.0     80  11.83    164      2  303.4  338.8  305.6
  852.0   1499   17.1   13.9     82  11.87    165      2  303.8  339.4  306.0
  850.0   1519   17.0   13.9     82  11.88    165      2  303.9  339.6  306.1
  823.0   1792   15.7   10.3     70   9.68     15      1  305.4  334.8  307.2
  794.0   2096   14.3    6.4     59   7.65    350      2  307.0  330.6  308.5
  766.0   2400   12.9    2.5     49   6.00    325      4  308.7  327.4  309.8
  749.0   2590   12.0    0.0     44   5.13    294      6  309.7  325.9  310.7
  742.0   2669   12.4  -10.6     19   2.31    281      7  311.0  318.6  311.4
  739.0   2703   12.2  -11.1     19   2.23    275      7  311.1  318.5  311.5
  700.0   3154    9.2  -17.8     13   1.36    245      8  312.6  317.3  312.9
  688.0   3296    8.3  -18.4     13   1.31    255      8  313.2  317.7  313.5
  663.0   3600    6.4  -19.6     13   1.22    320     10  314.4  318.7  314.6
  660.0   3638    6.2  -19.8     14   1.21    321     10  314.6  318.8  314.8
  639.0   3901    4.1  -11.4     31   2.51    325     12  315.1  323.5  315.6
  636.0   3940    3.8  -10.2     35   2.78    328     12  315.2  324.4  315.7
  629.0   4029    3.4  -16.6     22   1.67    336     11  315.7  321.5  316.0
  625.0   4081    3.0   -3.0     65   4.93    340     11  315.8  331.8  316.8
  624.0   4094    3.0   -0.6     77   5.90    341     11  316.0  335.0  317.1
  616.0   4198    2.5   -0.5     81   6.03    350     10  316.6  336.0  317.7
  593.0   4505    1.0   -0.2     92   6.40     15      7  318.3  339.0  319.5
  578.0   4711    0.0    0.0    100   6.67     12      6  319.5  341.1  320.8
  571.0   4809   -0.4   -0.4    100   6.56     10      6  320.1  341.5  321.4
  558.0   4993   -1.1   -1.1    100   6.37     26      6  321.4  342.3  322.6
  550.0   5109   -1.7   -1.7    100   6.18     37      6  322.0  342.3  323.2
  547.0   5152   -2.5   -2.9     97   5.68     40      6  321.6  340.3  322.7
  526.0   5462   -4.1   -4.7     96   5.16     68      5  323.3  340.4  324.3
  518.0   5583   -4.5   -4.9     97   5.16     79      5  324.2  341.4  325.2
  513.0   5659   -4.9   -5.4     96   5.02     86      5  324.6  341.4  325.6
  510.0   5706   -5.5   -6.6     92   4.60     90      5  324.4  339.9  325.3
  509.0   5721   -5.7   -7.0     91   4.47     91      5  324.4  339.4  325.2
  507.0   5752   -7.1  -12.1     67   3.00     91      6  323.0  333.3  323.6
  502.0   5829   -7.7  -14.7     57   2.45     94      8  323.2  331.7  323.7
  500.0   5860   -7.5  -14.5     57   2.50     95      9  323.8  332.5  324.3
  497.0   5907   -6.9  -14.9     53   2.43     96      9  325.1  333.6  325.6
  487.0   6065   -6.1  -17.1     41   2.07     99     10  328.0  335.3  328.4
  468.0   6375   -7.1  -22.1     29   1.40    106     11  330.5  335.6  330.8
  455.0   6594   -8.2  -24.9     25   1.13    110     12  331.8  335.9  332.0
  452.0   6645   -8.5  -25.5     24   1.07    109     12  332.1  336.1  332.3
  440.0   6853   -9.7  -24.7     28   1.18    107     13  333.1  337.5  333.3
  438.0   6888   -9.9  -22.9     34   1.39    107     13  333.3  338.4  333.6
  436.0   6923  -10.1  -21.1     40   1.64    106     13  333.5  339.5  333.8
  433.0   6976  -10.3  -32.3     15   0.59    106     14  333.9  336.2  334.0
  415.0   7301  -12.7  -20.7     51   1.78    102     15  334.9  341.4  335.2
  404.0   7505  -14.2  -21.4     54   1.72    100     16  335.5  341.9  335.9
  400.0   7580  -14.7  -21.7     55   1.70     95     16  335.8  342.1  336.1
  389.0   7787  -16.3  -23.5     54   1.49     70     15  336.4  342.0  336.7
  344.0   8700  -23.3  -31.2     48   0.83     80     14  338.9  342.1  339.1
  338.0   8831  -24.3  -32.3     48   0.76     81     17  339.3  342.2  339.4
  317.0   9295  -27.2  -39.9     29   0.38     85     26  341.5  343.0  341.6
  311.0   9433  -28.1  -42.1     25   0.30     80     28  342.1  343.4  342.2
  300.0   9690  -30.1  -44.1     24   0.26     70     33  342.8  343.9  342.9
  273.0  10354  -36.3  -43.3     48   0.31     61     39  343.2  344.5  343.3
  256.0  10798  -39.5  -49.2     35   0.17     55     43  344.9  345.6  344.9
  254.0  10852  -39.9  -49.9     34   0.16     55     42  345.0  345.7  345.1
  250.0  10960  -40.9                          55     40  345.1         345.1
  200.0  12430  -53.3                          60     61  348.2         348.2
  169.0  13478  -62.0                          65     64  351.0         351.0
  150.0  14220  -68.1                          75     49  352.6         352.6
  135.0  14845  -73.7                          83     46  353.4         353.4
  107.0  16167  -82.3                         100     40  361.3         361.3
  101.0  16495  -84.5                         110     43  363.2         363.2
  100.0  16550  -84.3                         110     43  364.6         364.6
   96.0  16779  -82.1                         100     48  373.2         373.2
   92.2  17005  -79.9                          93     41  381.9         381.9
   86.0  17409  -72.0                          80     29  405.4         405.4
   85.0  17477  -70.7                          65     25  409.4         409.4
   82.0  17692  -68.3                          20     11  418.5         418.5
   81.7  17714  -68.1                          20     11  419.4         419.4
   78.0  17992  -68.6                          15      6  424.0         424.0
   74.0  18307  -69.1                         310      8  429.3         429.3
   71.0  18555  -69.5                         290      6  433.5         433.5
   70.0  18640  -69.7                         290      6  434.9         434.9
   67.0  18900  -70.1                         290      2  439.5         439.5
   64.0  19172  -70.6                         130      4  444.3         444.3
   61.0  19458  -71.0                         125      6  449.4         449.4
   60.7  19487  -71.1                         122      6  449.9         449.9
   58.0  19756  -71.0                          90      7  456.0         456.0
   55.2  20050  -70.9                          97     16  462.7         462.7
   50.0  20640  -68.1                         110     33  482.6         482.6
   48.4  20836  -65.3                         108     35  493.8         493.8
   43.3  21510  -66.9                         102     42  505.8         505.8
   34.0  22997  -58.9                          88     56  563.0         563.0
   32.0  23376  -59.1                          85     60  572.2         572.2
   31.9  23396  -59.1                          85     60  572.7         572.7
   30.6  23656  -59.3                          88     61  579.1         579.1
   30.0  23780  -58.9                          90     61  583.5         583.5
   26.5  24564  -54.1                          93     56  618.1         618.1
   25.1  24915  -48.7                          95     53  643.2         643.2
   25.0  24941  -48.6                          95     53  644.4         644.4
   23.0  25494  -45.6                          85     30  668.4         668.4
   22.0  25788  -44.1                         110     12  681.6         681.6
   21.5  25941  -43.3                         130     12  688.5         688.5
   21.0  26099  -41.5                         150     12  698.7         698.7
   20.8  26164  -40.7                         166     11  702.9         702.9
   20.0  26430  -39.9                         230      9  713.2         713.2
   19.7  26533  -40.9                                     713.3         713.3
</PRE><H3>Station information and sounding indices</H3><PRE>
                         Station identifier: WAAA
                             Station number: 97180
                           Observation time: 180803/1200
                           Station latitude: -5.06
                          Station longitude: 119.55
                          Station elevation: 14.0
                            Showalter index: -0.42
                               Lifted index: -2.46
    LIFT computed using virtual temperature: -2.92
                                SWEAT index: 179.80
                                    K index: 11.40
                         Cross totals index: 21.40
                      Vertical totals index: 24.50
                        Totals totals index: 45.90
      Convective Available Potential Energy: 108.43
             CAPE using virtual temperature: 190.96
                      Convective Inhibition: -89.00
             CINS using virtual temperature: -42.42
                           Equilibrum Level: 487.88
 Equilibrum Level using virtual temperature: 479.52
                   Level of Free Convection: 685.46
             LFCT using virtual temperature: 822.76
                     Bulk Richardson Number: 16.82
          Bulk Richardson Number using CAPV: 29.62
  Temp [K] of the Lifted Condensation Level: 291.75
Pres [hPa] of the Lifted Condensation Level: 905.65
     Mean mixed layer potential temperature: 300.15
              Mean mixed layer mixing ratio: 15.16
              1000 hPa to 500 hPa thickness: 5753.00
Precipitable water [mm] for entire sounding: 42.87
</PRE>
<P>Description of the 
<A HREF="/upperair/columns.html">data columns</A>
or <A HREF="/upperair/indices.html">sounding indices</A>.

<P>
<FORM>
<INPUT CLASS="button" TYPE="button" VALUE=" Close this window " 
 onClick="window.close();">
<INPUT CLASS="button" TYPE="button" VALUE=" Select another map " 
 onClick="window.blur();">
</FORM>
<HR SIZE="1">
<I>Interested in graduate studies in atmospheric science?
Check out our program at the
<a href="http://www.uwyo.edu/atsc/howtoapply/"
target=_top>University of Wyoming
</a></I>
<HR SIZE="1"><FONT SIZE="-1">
Questions about the weather data provided by this site can be
addressed to <A HREF="mailto:ldoolman@uwyo.edu">
Larry Oolman (ldoolman@uwyo.edu)</A></FONT>
<HR SIZE="1">
<SCRIPT TYPE="text/javascript">
<!--
window.focus();
// -->
</SCRIPT>
</BODY>
</HTML>
