<HTML>
<TITLE>University of Wyoming - Radiosonde Data</TITLE>
<LINK REL="StyleSheet" HREF="/resources/select.css" TYPE="text/css">
<BODY BGCOLOR="white">
<H2>97180 WAAA Ujung Pandang Observations at 12Z 14 Sep 2018</H2>
<PRE>
-----------------------------------------------------------------------------
   PRES   HGHT   TEMP   DWPT   RELH   MIXR   DRCT   SKNT   THTA   THTE   THTV
    hPa     m      C      C      %    g/kg    deg   knot     K      K      K 
-----------------------------------------------------------------------------
 1009.0     14   29.2   17.2     48  12.38      0      0  301.6  338.4  303.8
 1000.0     89   29.2   15.2     43  10.97     35      4  302.4  335.1  304.3
  977.0    297   27.6   12.8     40   9.61     70     13  302.7  331.6  304.5
  969.0    370   27.0   12.0     39   9.17     74     13  302.9  330.4  304.5
  925.0    781   23.6   11.6     47   9.35     95     12  303.4  331.6  305.1
  912.0    903   22.6   12.3     52   9.94    110     12  303.6  333.5  305.4
  859.0   1420   18.2   15.2     83  12.80    114      8  304.3  342.7  306.6
  850.0   1510   17.4   14.7     84  12.52    115      7  304.4  341.9  306.6
  822.0   1797   15.6   12.2     80  11.00    100      8  305.4  338.6  307.4
  816.0   1859   15.2   11.7     80  10.69    103      8  305.6  337.9  307.6
  785.0   2189   14.8    6.8     59   7.95    120      6  308.6  333.2  310.1
  766.0   2395   13.4    5.0     57   7.22    130      5  309.3  331.7  310.6
  739.0   2698   11.5    2.5     54   6.24     65      3  310.3  329.9  311.5
  738.0   2710   11.4    2.4     54   6.20     66      3  310.4  329.9  311.5
  713.0   2997    9.2   -4.1     39   3.97     85      6  311.0  323.7  311.7
  709.0   3044    8.8   -5.2     37   3.68     87      6  311.1  322.9  311.8
  707.0   3067    9.4  -15.6     15   1.61     87      6  312.0  317.4  312.3
  700.0   3150    9.2  -13.8     18   1.89     90      7  312.6  319.0  313.0
  688.0   3293    7.7   -9.4     29   2.75     60      6  312.5  321.6  313.0
  678.0   3414    6.4   -5.6     42   3.73     72      6  312.4  324.5  313.1
  669.0   3524    6.4  -12.6     24   2.18     83      7  313.6  320.9  314.0
  663.0   3597    6.0  -13.5     23   2.04     90      7  313.9  320.8  314.3
  639.0   3897    4.4  -17.3     19   1.55     50      3  315.5  320.8  315.8
  616.0   4195    2.9  -21.1     15   1.16    300      2  317.0  321.1  317.2
  595.0   4478    1.4  -24.6     12   0.88    154      5  318.4  321.6  318.6
  593.0   4505    1.3  -25.3     12   0.83    140      5  318.7  321.7  318.9
  550.0   5110    0.0  -41.0      3   0.19    120     14  324.0  324.8  324.1
  530.0   5406   -1.7  -40.9      3   0.20    110     18  325.4  326.2  325.4
  528.0   5436   -1.9  -40.9      3   0.20    107     18  325.6  326.4  325.6
  511.0   5697   -1.5  -46.5      2   0.12     80     20  329.1  329.6  329.1
  500.0   5870   -2.5  -45.5      2   0.13     80     21  329.9  330.5  329.9
  447.0   6748   -7.1  -47.1      2   0.12     91     24  334.9  335.4  334.9
  405.0   7505  -12.7  -34.1     15   0.53    100     26  337.2  339.3  337.3
  402.0   7562  -13.1  -33.1     17   0.59    100     26  337.4  339.7  337.5
  400.0   7600  -13.5  -32.5     19   0.63    100     26  337.4  339.8  337.5
  393.0   7734  -14.1  -45.1      5   0.17     99     26  338.3  339.0  338.3
  365.0   8290  -18.3  -55.3      2   0.06     95     25  339.9  340.2  339.9
  352.0   8560  -20.3  -38.3     18   0.40     93     24  340.7  342.4  340.8
  300.0   9720  -30.1  -46.1     20   0.20     85     22  342.8  343.7  342.9
  293.0   9885  -31.4  -46.9     20   0.19     85     22  343.2  344.1  343.3
  280.0  10201  -34.1  -48.5     22   0.17    100     26  344.0  344.7  344.0
  252.0  10936  -40.1  -52.1     27   0.12     67     33  345.5  346.1  345.6
  250.0  10990  -40.5                          65     34  345.7         345.7
  225.0  11689  -46.5                          50     32  347.2         347.2
  200.0  12470  -53.1                          40     21  348.5         348.5
  196.0  12596  -54.1                          45     20  348.9         348.9
  162.0  13781  -63.8                          45     38  352.2         352.2
  150.0  14260  -67.7                          40     55  353.3         353.3
  132.0  15005  -73.2                          45     68  356.6         356.6
  113.0  15911  -79.9                          55     68  360.3         360.3
  100.0  16600  -80.7                          75     44  371.6         371.6
   96.2  16818  -80.7                          77     31  375.7         375.7
   94.9  16895  -77.9                          78     27  382.6         382.6
   92.0  17072  -78.0                          80     17  385.8         385.8
   87.0  17391  -78.2                          95     20  391.6         391.6
   82.0  17728  -78.5                          65     16  397.7         397.7
   81.9  17735  -78.5                          65     16  397.9         397.9
   78.3  17992  -77.7                          63     19  404.7         404.7
   74.0  18322  -72.1                          60     23  423.1         423.1
   71.4  18531  -68.5                          70     22  435.0         435.0
   70.0  18650  -67.9                          75     21  438.8         438.8
   67.0  18913  -68.2                          95     23  443.6         443.6
   63.3  19253  -68.7                          89     25  449.8         449.8
   60.7  19506  -65.1                          85     27  463.3         463.3
   58.0  19782  -65.7                          80     29  468.1         468.1
   52.0  20443  -67.0                         115     40  479.7         479.7
   50.0  20680  -67.5                         100     44  484.0         484.0
   47.0  21054  -66.6                          90     47  494.7         494.7
   41.6  21792  -64.9                          90     52  516.6         516.6
   33.3  23167  -58.7                          90     61  566.9         566.9
   32.1  23399  -56.0                          90     63  580.0         580.0
   32.0  23418  -55.8                          90     63  581.1         581.1
   31.6  23498  -54.9                          92     62  585.6         585.6
   30.0  23830  -53.9                         100     60  597.1         597.1
   27.1  24488  -51.7                          95     40  620.9         620.9
   27.0  24512  -51.4                          95     39  622.5         622.5
   26.0  24760  -48.0                         145      7  638.9         638.9
   25.7  24837  -46.9                         163      8  644.0         644.0
   24.0  25289  -47.9                         270     15  653.8         653.8
   21.3  26077  -49.7                         283     22  671.1         671.1
   20.0  26490  -49.7                         290     25  683.3         683.3
   19.0  26826  -47.5                         255     25  700.1         700.1
   18.9  26860  -47.3                         256     25  701.9         701.9
   17.2  27478  -49.5                         273     23  714.0         714.0
   17.0  27554  -49.4                         275     23  716.6         716.6
   15.0  28371  -48.7                         245     21  745.1         745.1
   14.4  28640  -45.9                         248     22  763.3         763.3
   14.0  28827  -45.7                         250     23  770.2         770.2
   12.0  29855  -44.4                         290     21  809.4         809.4
   11.0  30435  -43.7                         250     35  832.4         832.4
   10.0  31070  -42.9                         250     25  858.3         858.3
    9.7  31275  -43.1                                     865.0         865.0
</PRE><H3>Station information and sounding indices</H3><PRE>
                         Station identifier: WAAA
                             Station number: 97180
                           Observation time: 180914/1200
                           Station latitude: -5.06
                          Station longitude: 119.55
                          Station elevation: 14.0
                            Showalter index: 3.61
                               Lifted index: 7.58
    LIFT computed using virtual temperature: 7.03
                                SWEAT index: 211.38
                                    K index: 11.60
                         Cross totals index: 17.20
                      Vertical totals index: 19.90
                        Totals totals index: 37.10
      Convective Available Potential Energy: 0.00
             CAPE using virtual temperature: 0.00
                      Convective Inhibition: 0.00
             CINS using virtual temperature: 0.00
                     Bulk Richardson Number: 0.00
          Bulk Richardson Number using CAPV: 0.00
  Temp [K] of the Lifted Condensation Level: 283.52
Pres [hPa] of the Lifted Condensation Level: 796.25
     Mean mixed layer potential temperature: 302.60
              Mean mixed layer mixing ratio: 10.08
              1000 hPa to 500 hPa thickness: 5781.00
Precipitable water [mm] for entire sounding: 31.87
</PRE>
<P>Description of the 
<A HREF="/upperair/columns.html">data columns</A>
or <A HREF="/upperair/indices.html">sounding indices</A>.

<P>
<FORM>
<INPUT CLASS="button" TYPE="button" VALUE=" Close this window " 
 onClick="window.close();">
<INPUT CLASS="button" TYPE="button" VALUE=" Select another map " 
 onClick="window.blur();">
</FORM>
<HR SIZE="1">
<I>Interested in graduate studies in atmospheric science?
Check out our program at the
<a href="http://www.uwyo.edu/atsc/howtoapply/"
target=_top>University of Wyoming
</a></I>
<HR SIZE="1"><FONT SIZE="-1">
Questions about the weather data provided by this site can be
addressed to <A HREF="mailto:ldoolman@uwyo.edu">
Larry Oolman (ldoolman@uwyo.edu)</A></FONT>
<HR SIZE="1">
<SCRIPT TYPE="text/javascript">
<!--
window.focus();
// -->
</SCRIPT>
</BODY>
</HTML>
