<HTML>
<TITLE>University of Wyoming - Radiosonde Data</TITLE>
<LINK REL="StyleSheet" HREF="/resources/select.css" TYPE="text/css">
<BODY BGCOLOR="white">
<H2>97180 WAAA Ujung Pandang Observations at 12Z 15 Aug 2018</H2>
<PRE>
-----------------------------------------------------------------------------
   PRES   HGHT   TEMP   DWPT   RELH   MIXR   DRCT   SKNT   THTA   THTE   THTV
    hPa     m      C      C      %    g/kg    deg   knot     K      K      K 
-----------------------------------------------------------------------------
 1009.0     14   28.8   22.8     70  17.67    350      3  301.2  353.4  304.4
 1000.0     91   28.0   23.0     74  18.05     15      6  301.1  354.5  304.4
  982.0    253   27.2   17.2     54  12.73    352      7  301.9  339.7  304.2
  977.0    298   26.8   17.1     55  12.75    345      7  302.0  339.9  304.3
  944.0    601   24.2   16.8     63  12.92     20      7  302.2  340.7  304.6
  925.0    781   22.6   16.6     69  13.01     35      7  302.4  341.1  304.8
  912.0    903   21.6   16.5     73  13.13     20      6  302.6  341.6  304.9
  881.0   1200   19.0   16.3     84  13.43    340      3  302.9  342.9  305.4
  862.0   1388   17.4   16.2     93  13.62    312      2  303.1  343.8  305.6
  851.0   1497   16.9   15.3     90  13.00    295      1  303.7  342.5  306.1
  850.0   1507   16.8   15.2     90  12.94    290      1  303.7  342.4  306.1
  822.0   1794   15.3   12.5     84  11.20     20      5  305.0  338.8  307.1
  821.0   1804   15.2   12.4     83  11.14     19      5  305.1  338.6  307.1
  810.0   1919   15.0    9.0     67   8.97     10      5  306.0  333.4  307.7
  802.0   2004   14.4    8.4     67   8.70      3      6  306.3  332.8  307.9
  799.0   2035   14.2    9.9     75   9.67      0      6  306.4  335.8  308.2
  796.0   2067   14.0    9.0     72   9.13    358      6  306.5  334.3  308.2
  793.0   2099   14.5    4.0     49   6.47    355      6  307.4  327.4  308.6
  790.0   2132   15.0   -1.0     33   4.52    349      6  308.2  322.5  309.1
  784.0   2196   15.2   -8.8     18   2.52    338      7  309.1  317.4  309.6
  765.0   2403   13.7   -9.1     20   2.53    300      8  309.6  317.9  310.1
  740.0   2684   11.6   -9.4     22   2.55    310     11  310.3  318.7  310.8
  739.0   2695   11.6  -10.0     21   2.43    310     11  310.4  318.4  310.9
  718.0   2936   11.0  -23.0      7   0.84    282     15  312.4  315.3  312.5
  713.0   2994   10.7  -21.1      9   1.00    275     16  312.7  316.2  312.9
  700.0   3148   10.0  -16.0     14   1.58    285     19  313.5  318.9  313.8
  687.0   3303    9.4  -16.3     15   1.56    305     18  314.6  320.0  314.9
  663.0   3597    8.4  -16.9     15   1.54    295     19  316.6  321.9  316.9
  646.0   3811    7.6  -17.4     15   1.52    274     23  318.1  323.4  318.4
  639.0   3900    7.0  -16.7     17   1.63    265     25  318.4  324.0  318.7
  565.0   4899    0.0   -9.0     51   3.44    302     17  321.6  333.2  322.2
  551.0   5100   -0.6  -12.9     39   2.57    310     15  323.1  332.0  323.6
  536.0   5321   -1.3  -17.3     28   1.85    325      9  324.9  331.4  325.2
  531.0   5395   -1.9  -17.9     28   1.77    330      7  325.0  331.3  325.4
  511.0   5698   -4.3  -20.3     28   1.50    260      5  325.7  331.0  326.0
  500.0   5870   -5.7  -21.7     27   1.36    240      6  326.0  330.9  326.3
  492.0   5996   -6.9  -20.9     32   1.48    235      7  326.1  331.4  326.4
  487.0   6075   -7.1  -22.1     29   1.34    238      7  326.8  331.6  327.0
  483.0   6140   -6.3  -34.3      9   0.44    240      7  328.5  330.2  328.6
  473.0   6302   -7.6  -31.0     13   0.61    245      8  328.9  331.2  329.0
  455.0   6602  -10.0  -25.0     28   1.11    305      7  329.5  333.6  329.7
  453.0   6636  -10.3  -24.3     31   1.19    310      7  329.6  334.0  329.8
  438.0   6893  -12.1  -29.5     22   0.76    345      7  330.4  333.3  330.6
  421.0   7195  -14.3  -35.6     15   0.44    345      7  331.4  333.1  331.5
  418.0   7249  -14.7  -36.7     14   0.40    348      7  331.6  333.2  331.7
  404.0   7505  -16.7  -36.2     17   0.43      5      8  332.3  334.0  332.4
  401.0   7561  -17.1  -36.1     18   0.44     20      8  332.4  334.2  332.5
  400.0   7580  -17.3  -36.3     17   0.43     25      8  332.4  334.1  332.5
  396.0   7655  -17.7  -32.7     26   0.62     38     10  332.9  335.2  333.0
  394.0   7693  -17.9  -29.9     34   0.82     44     11  333.1  336.2  333.2
  389.0   7788  -17.6  -33.7     23   0.58     60     14  334.6  336.9  334.7
  378.0   8003  -17.1  -42.1      9   0.25     72     19  338.1  339.1  338.1
  358.0   8408  -19.3  -40.3     14   0.32     95     29  340.4  341.8  340.5
  304.0   9594  -29.9  -44.4     23   0.24    115     32  341.9  342.9  341.9
  300.0   9690  -30.7  -44.7     24   0.24    110     33  342.0  343.0  342.0
  256.0  10798  -39.9  -49.9     34   0.16     67     49  344.3  344.9  344.3
  250.0  10960  -41.3                          60     51  344.5         344.5
  245.0  11094  -42.2                          55     54  345.1         345.1
  214.0  11991  -48.4                          50     69  349.1         349.1
  200.0  12440  -51.5                          65     55  351.1         351.1
  196.0  12571  -52.1                          68     53  352.1         352.1
  178.0  13178  -57.5                          80     46  353.1         353.1
  163.0  13734  -62.5                          80     48  353.7         353.7
  150.0  14240  -66.7                          80     50  355.0         355.0
  145.0  14443  -68.5                          78     53  355.3         355.3
  139.0  14694  -70.1                          75     56  356.8         356.8
  137.0  14780  -70.7                          75     53  357.2         357.2
  134.0  14911  -69.1                          76     48  362.4         362.4
  119.0  15600  -73.1                          80     24  367.6         367.6
  108.0  16163  -76.3                         115     28  371.8         371.8
  100.0  16610  -78.9                         115     37  375.0         375.0
   97.0  16784  -79.7                         105     36  376.8         376.8
   94.7  16920  -79.7                          93     32  379.4         379.4
   92.8  17037  -75.3                          83     29  390.2         390.2
   87.0  17412  -75.9                          50     20  396.2         396.2
   85.5  17513  -76.1                          39     23  397.9         397.9
   83.0  17686  -72.5                          20     27  408.6         408.6
   79.4  17947  -73.5                         358     25  411.7         411.7
   79.0  17977  -72.9                         355     25  413.6         413.6
   76.6  18160  -69.1                         337     17  425.1         425.1
   75.0  18287  -69.3                         325     11  427.3         427.3
   71.0  18615  -69.8                         345      5  433.0         433.0
   70.0  18700  -69.9                           5      3  434.5         434.5
   68.0  18871  -70.6                         170      5  436.7         436.7
   61.1  19502  -73.1                         135     13  444.6         444.6
   55.0  20120  -72.4                         100     21  459.9         459.9
   50.0  20680  -71.7                          90     34  474.1         474.1
   49.9  20692  -71.7                          90     34  474.4         474.4
   47.6  20974  -66.3                          89     40  493.7         493.7
   39.0  22211  -59.2                          85     63  540.7         540.7
   36.2  22674  -56.5                          86     63  559.2         559.2
   30.0  23870  -55.5                          90     64  592.7         592.7
   29.6  23955  -55.7                          90     64  594.5         594.5
   28.0  24311  -54.1                          90     65  608.5         608.5
   25.3  24960  -51.1                          93     39  634.9         634.9
   24.0  25301  -51.5                          95     25  643.3         643.3
   23.5  25437  -51.7                          85     17  646.7         646.7
   23.0  25577  -51.2                          75      9  652.0         652.0
   22.0  25865  -50.3                         290     16  663.2         663.2
   21.2  26105  -49.5                         290     19  672.6         672.6
   20.4  26358  -45.5                         290     22  692.2         692.2
   20.0  26490  -44.9                         290     23  698.0         698.0
   19.0  26831  -46.1                         245     38  704.5         704.5
   18.2  27117  -47.1                         241     34  710.1         710.1
   18.0  27191  -46.8                         240     33  713.2         713.2
   16.5  27769  -44.7                         255     35  738.0         738.0
   16.0  27974  -45.1                         260     36  743.4         743.4
   15.0  28404  -45.8                         275     23  754.6         754.6
   14.2  28769  -46.5                                     764.3         764.3
</PRE><H3>Station information and sounding indices</H3><PRE>
                         Station identifier: WAAA
                             Station number: 97180
                           Observation time: 180815/1200
                           Station latitude: -5.06
                          Station longitude: 119.55
                          Station elevation: 14.0
                            Showalter index: 0.21
                               Lifted index: -0.44
    LIFT computed using virtual temperature: -1.06
                                SWEAT index: 190.38
                                    K index: 11.70
                         Cross totals index: 20.90
                      Vertical totals index: 22.50
                        Totals totals index: 43.40
      Convective Available Potential Energy: 45.14
             CAPE using virtual temperature: 107.97
                      Convective Inhibition: -157.86
             CINS using virtual temperature: -24.47
                           Equilibrum Level: 387.72
 Equilibrum Level using virtual temperature: 386.06
                   Level of Free Convection: 567.11
             LFCT using virtual temperature: 810.06
                     Bulk Richardson Number: 6.23
          Bulk Richardson Number using CAPV: 14.89
  Temp [K] of the Lifted Condensation Level: 290.28
Pres [hPa] of the Lifted Condensation Level: 873.42
     Mean mixed layer potential temperature: 301.73
              Mean mixed layer mixing ratio: 14.46
              1000 hPa to 500 hPa thickness: 5779.00
Precipitable water [mm] for entire sounding: 35.92
</PRE>
<P>Description of the 
<A HREF="/upperair/columns.html">data columns</A>
or <A HREF="/upperair/indices.html">sounding indices</A>.

<P>
<FORM>
<INPUT CLASS="button" TYPE="button" VALUE=" Close this window " 
 onClick="window.close();">
<INPUT CLASS="button" TYPE="button" VALUE=" Select another map " 
 onClick="window.blur();">
</FORM>
<HR SIZE="1">
<I>Interested in graduate studies in atmospheric science?
Check out our program at the
<a href="http://www.uwyo.edu/atsc/howtoapply/"
target=_top>University of Wyoming
</a></I>
<HR SIZE="1"><FONT SIZE="-1">
Questions about the weather data provided by this site can be
addressed to <A HREF="mailto:ldoolman@uwyo.edu">
Larry Oolman (ldoolman@uwyo.edu)</A></FONT>
<HR SIZE="1">
<SCRIPT TYPE="text/javascript">
<!--
window.focus();
// -->
</SCRIPT>
</BODY>
</HTML>
