<HTML>
<TITLE>University of Wyoming - Radiosonde Data</TITLE>
<LINK REL="StyleSheet" HREF="/resources/select.css" TYPE="text/css">
<BODY BGCOLOR="white">
<H2>97180 WAAA Ujung Pandang Observations at 12Z 12 Sep 2018</H2>
<PRE>
-----------------------------------------------------------------------------
   PRES   HGHT   TEMP   DWPT   RELH   MIXR   DRCT   SKNT   THTA   THTE   THTV
    hPa     m      C      C      %    g/kg    deg   knot     K      K      K 
-----------------------------------------------------------------------------
 1010.0     14   27.0   22.4     76  17.21      0      0  299.3  349.8  302.4
 1000.0     99   25.6   22.0     81  16.96      0      1  298.8  348.3  301.8
  978.0    295   24.1   21.2     84  16.48    170      6  299.1  347.4  302.0
  947.0    579   21.8   20.0     90  15.80    170      8  299.6  345.9  302.4
  925.0    785   21.4   19.4     88  15.58    170     10  301.2  347.2  304.0
  913.0    898   21.3   18.4     84  14.81    170      8  302.2  346.1  304.9
  907.0    955   21.2   17.9     81  14.44    163      8  302.7  345.6  305.3
  882.0   1196   19.6   15.5     78  12.74    135      7  303.4  341.5  305.7
  850.0   1514   17.4   12.4     72  10.75    135      8  304.4  336.7  306.3
  828.0   1738   15.8    9.8     68   9.27    139      9  305.0  333.0  306.7
  793.0   2101   12.9    8.5     74   8.86    145     10  305.7  332.6  307.3
  747.0   2604    9.0    6.7     86   8.31    120      6  306.7  332.1  308.2
  726.0   2840    7.6    7.2     97   8.85    108      4  307.6  334.8  309.3
  712.0   3001    7.2    7.0     99   8.89    100      3  308.9  336.3  310.6
  700.0   3141    6.8    6.8    100   8.93    110      1  310.0  337.6  311.6
  698.0   3165    6.8    6.8    100   8.96    104      1  310.2  338.0  311.9
  687.0   3295    6.1    6.1    100   8.67     70      2  310.9  337.8  312.5
  679.0   3391    5.6    5.6    100   8.47     75      4  311.4  337.7  312.9
  671.0   3488    5.0    5.0    100   8.22     80      7  311.7  337.4  313.3
  668.0   3525    4.8    4.8    100   8.14     81      8  311.9  337.4  313.4
  667.0   3537    4.8    4.8    100   8.15     82      8  312.0  337.5  313.6
  665.0   3562    3.6   -0.6     74   5.54     83      8  311.0  328.5  312.0
  663.0   3586    1.6   -6.4     55   3.59     84      9  309.0  320.5  309.6
  658.0   3647    0.0  -14.0     34   1.98     88     11  307.9  314.4  308.2
  651.0   3732   -0.7  -18.7     24   1.35     92     13  308.0  312.6  308.2
  650.0   3745   -0.9  -18.9     24   1.33     93     13  307.9  312.4  308.2
  636.0   3918    0.2  -17.8     24   1.49    101     17  311.1  316.1  311.4
  633.0   3956    0.4  -17.6     25   1.52    103     18  311.7  316.9  312.0
  630.0   3994    1.2  -17.8     23   1.51    105     19  313.1  318.2  313.4
  628.0   4020    1.8  -15.2     27   1.88    107     20  314.0  320.4  314.4
  625.0   4059    4.8  -15.2     22   1.89    108     21  317.9  324.4  318.3
  624.0   4072    5.8  -14.2     22   2.05    109     21  319.2  326.2  319.6
  615.0   4190    4.9  -16.0     20   1.79    115     24  319.5  325.8  319.9
  587.0   4568    2.2  -21.8     15   1.14    112     19  320.6  324.7  320.8
  571.0   4790    1.7  -23.9     13   0.97    110     16  322.6  326.1  322.8
  549.0   5106    1.0  -27.0     10   0.77    120     15  325.4  328.2  325.5
  529.0   5401   -0.9  -29.3     10   0.65    130     15  326.6  329.1  326.7
  500.0   5850   -3.7  -32.7      8   0.49    130     14  328.5  330.4  328.6
  471.0   6320   -5.9  -43.9      3   0.17    127     15  331.4  332.1  331.4
  404.0   7503  -14.0  -51.0      3   0.09    120     19  335.8  336.2  335.8
  400.0   7580  -14.5  -51.5      3   0.08    120     21  336.1  336.4  336.1
  344.0   8699  -22.1  -55.1      3   0.06     95     20  340.5  340.8  340.5
  332.0   8962  -23.9  -55.9      4   0.06     94     19  341.6  341.8  341.6
  304.0   9595  -29.6  -51.2     10   0.11     90     18  342.2  342.7  342.2
  300.0   9690  -30.5  -50.5     12   0.12     90     17  342.3  342.8  342.3
  291.0   9903  -32.3  -51.7     13   0.11     95     16  342.8  343.2  342.8
  267.0  10504  -37.2  -55.1     14   0.08     35     15  344.0  344.4  344.1
  255.0  10825  -39.9  -56.9     15   0.07     45     14  344.6  345.0  344.7
  250.0  10960  -41.1                          50     14  344.8         344.8
  214.0  11991  -49.9                          80     23  346.9         346.9
  200.0  12440  -53.7                          70     30  347.6         347.6
  169.0  13482  -62.6                          40     29  349.9         349.9
  150.0  14220  -68.9                          45     34  351.2         351.2
  147.0  14340  -69.9                          45     38  351.5         351.5
  138.0  14711  -73.2                          45     50  352.1         352.1
  133.0  14928  -75.1                          49     54  352.4         352.4
  126.0  15242  -73.9                          54     61  360.1         360.1
  125.0  15287  -74.1                          55     62  360.6         360.6
  113.0  15868  -76.4                          60     29  366.8         366.8
  107.0  16181  -77.7                          85      8  370.1         370.1
  101.0  16513  -79.1                         125     10  373.6         373.6
  100.0  16570  -79.3                         120     12  374.3         374.3
   98.6  16650  -79.7                         110     15  375.0         375.0
   96.0  16804  -78.8                          90     17  379.6         379.6
   91.0  17111  -77.1                          25     10  388.8         388.8
   87.0  17369  -75.7                          25      7  396.7         396.7
   85.4  17476  -75.1                          52      8  400.0         400.0
   82.0  17712  -75.5                         110      9  403.9         403.9
   78.0  18002  -76.0                         125     11  408.7         408.7
   75.3  18206  -76.3                         107     11  412.1         412.1
   70.0  18630  -74.1                          70     10  425.5         425.5
   68.7  18740  -72.1                          64     12  432.1         432.1
   67.0  18889  -71.9                          55     14  435.7         435.7
   64.0  19161  -71.4                          60     17  442.4         442.4
   61.0  19445  -71.0                         120     20  449.5         449.5
   58.0  19745  -70.5                         125     30  457.1         457.1
   57.8  19765  -70.5                         123     30  457.6         457.6
   52.0  20403  -66.6                          75     38  480.8         480.8
   50.0  20640  -65.1                          90     39  489.7         489.7
   49.0  20763  -64.5                          90     40  493.9         493.9
   45.3  21241  -64.5                          91     43  505.1         505.1
   37.5  22404  -59.7                          94     52  545.4         545.4
   35.0  22843  -56.0                          95     55  566.0         566.0
   32.0  23412  -51.1                          77     31  593.7         593.7
   31.0  23618  -51.1                          70     22  599.1         599.1
   30.0  23830  -51.1                          55     13  604.7         604.7
   29.5  23939  -50.9                                     608.2         608.2
</PRE><H3>Station information and sounding indices</H3><PRE>
                         Station identifier: WAAA
                             Station number: 97180
                           Observation time: 180912/1200
                           Station latitude: -5.06
                          Station longitude: 119.55
                          Station elevation: 14.0
                            Showalter index: 4.58
                               Lifted index: 0.24
    LIFT computed using virtual temperature: -0.61
                                SWEAT index: 178.81
                                    K index: 33.50
                         Cross totals index: 16.10
                      Vertical totals index: 21.10
                        Totals totals index: 37.20
      Convective Available Potential Energy: 339.92
             CAPE using virtual temperature: 501.67
                      Convective Inhibition: -38.34
             CINS using virtual temperature: -27.09
                           Equilibrum Level: 217.64
 Equilibrum Level using virtual temperature: 217.73
                   Level of Free Convection: 837.15
             LFCT using virtual temperature: 858.86
                     Bulk Richardson Number: 54.32
          Bulk Richardson Number using CAPV: 80.17
  Temp [K] of the Lifted Condensation Level: 293.75
Pres [hPa] of the Lifted Condensation Level: 938.98
     Mean mixed layer potential temperature: 299.09
              Mean mixed layer mixing ratio: 16.57
              1000 hPa to 500 hPa thickness: 5751.00
Precipitable water [mm] for entire sounding: 43.25
</PRE>
<P>Description of the 
<A HREF="/upperair/columns.html">data columns</A>
or <A HREF="/upperair/indices.html">sounding indices</A>.

<P>
<FORM>
<INPUT CLASS="button" TYPE="button" VALUE=" Close this window " 
 onClick="window.close();">
<INPUT CLASS="button" TYPE="button" VALUE=" Select another map " 
 onClick="window.blur();">
</FORM>
<HR SIZE="1">
<I>Interested in graduate studies in atmospheric science?
Check out our program at the
<a href="http://www.uwyo.edu/atsc/howtoapply/"
target=_top>University of Wyoming
</a></I>
<HR SIZE="1"><FONT SIZE="-1">
Questions about the weather data provided by this site can be
addressed to <A HREF="mailto:ldoolman@uwyo.edu">
Larry Oolman (ldoolman@uwyo.edu)</A></FONT>
<HR SIZE="1">
<SCRIPT TYPE="text/javascript">
<!--
window.focus();
// -->
</SCRIPT>
</BODY>
</HTML>
