<HTML>
<TITLE>University of Wyoming - Radiosonde Data</TITLE>
<LINK REL="StyleSheet" HREF="/resources/select.css" TYPE="text/css">
<BODY BGCOLOR="white">
<H2>97180 WAAA Ujung Pandang Observations at 12Z 11 Sep 2018</H2>
<PRE>
-----------------------------------------------------------------------------
   PRES   HGHT   TEMP   DWPT   RELH   MIXR   DRCT   SKNT   THTA   THTE   THTV
    hPa     m      C      C      %    g/kg    deg   knot     K      K      K 
-----------------------------------------------------------------------------
 1010.0     14   29.2   23.2     70  18.10     30      2  301.5  355.1  304.8
 1007.0     38   27.2   23.1     78  18.04     26      3  299.8  352.7  303.0
 1000.0     95   27.4   22.5     75  17.50     15      7  300.6  352.1  303.7
  989.0    193   28.6   17.6     51  12.97     13      7  302.7  341.4  305.1
  977.0    300   27.7   17.1     52  12.70     10      6  302.9  340.8  305.2
  925.0    781   23.8   14.8     57  11.57     70     10  303.6  338.3  305.8
  913.0    895   23.1   13.2     54  10.54     80     12  304.0  335.7  305.9
  871.0   1307   20.4    7.4     43   7.47     96     19  305.4  328.2  306.7
  850.0   1518   18.6    5.6     42   6.75    105     23  305.6  326.4  306.9
  822.0   1802   16.2    6.3     52   7.34    110     19  306.0  328.5  307.3
  794.0   2097   13.7    7.1     64   8.01    130     13  306.4  330.9  307.8
  789.0   2150   13.2    7.2     67   8.14    130     13  306.4  331.3  307.9
  756.0   2508   11.0    3.0     58   6.32    130     12  307.8  327.4  309.0
  754.0   2531   11.6   -1.4     40   4.60    130     12  308.7  323.2  309.5
  724.0   2870   12.8  -22.2      7   0.90    130     11  313.6  316.8  313.8
  700.0   3151   10.6  -22.4      8   0.91    130     10  314.2  317.4  314.4
  663.0   3600    6.9  -24.1      9   0.82    140     12  314.9  317.9  315.1
  662.0   3612    6.8  -24.2      9   0.82    140     12  315.0  317.9  315.1
  639.0   3901    5.2  -25.8      9   0.74    140     16  316.4  319.0  316.5
  624.0   4095    4.8  -26.2      8   0.73    140     19  318.0  320.7  318.2
  616.0   4200    5.5  -27.6      7   0.65    140     20  320.1  322.5  320.2
  609.0   4294    6.2  -28.8      6   0.59    138     20  321.9  324.1  322.0
  535.0   5343    0.0  -41.0      3   0.20    121     25  326.6  327.4  326.6
  531.0   5402   -0.5  -40.8      3   0.21    120     25  326.8  327.6  326.8
  500.0   5880   -4.1  -39.1      5   0.26    120     19  328.0  329.0  328.0
  456.0   6600   -8.4  -43.4      4   0.18    115     19  331.4  332.1  331.4
  449.0   6721   -9.1  -44.1      4   0.17    108     17  331.9  332.6  332.0
  441.0   6861   -8.7  -23.7     29   1.29    100     16  334.1  338.9  334.4
  422.0   7199  -11.2  -28.0     24   0.91     80     11  335.1  338.6  335.3
  400.0   7610  -14.3  -33.3     18   0.58     90     12  336.3  338.6  336.4
  372.0   8155  -19.1  -38.1     17   0.39     90     13  337.0  338.6  337.1
  360.0   8398  -20.5  -41.6     13   0.28     90     13  338.2  339.4  338.3
  349.0   8627  -21.9  -44.9     11   0.20     83     14  339.4  340.3  339.4
  345.0   8711  -22.6  -45.9     10   0.18     80     15  339.6  340.4  339.6
  318.0   9299  -27.6  -53.0      7   0.09    100     18  340.7  341.1  340.7
  300.0   9720  -31.1  -58.1      5   0.05     95     20  341.4  341.7  341.4
  259.0  10732  -39.9  -61.9      8   0.04     86     21  343.1  343.3  343.1
  257.0  10784  -40.2                          85     21  343.4         343.4
  250.0  10970  -41.5                          90     26  344.2         344.2
  200.0  12460  -53.9                          70     31  347.2         347.2
  195.0  12617  -55.3                          75     29  347.6         347.6
  169.0  13502  -63.0                          85     36  349.2         349.2
  150.0  14240  -69.5                          65     48  350.2         350.2
  139.0  14689  -73.2                          60     61  351.5         351.5
  138.0  14731  -73.5                          61     60  351.6         351.6
  119.0  15588  -76.6                          80     33  361.1         361.1
  116.0  15735  -77.1                          75     28  362.8         362.8
  114.0  15836  -75.3                          65     22  367.9         367.9
  113.0  15886  -75.4                          60     19  368.7         368.7
  107.0  16200  -76.1                           5      8  373.2         373.2
  102.0  16476  -76.7                         270      3  377.2         377.2
  100.0  16590  -76.9                         215      3  378.9         378.9
   95.2  16872  -79.3                         135      6  379.6         379.6
   92.0  17068  -79.0                          60      9  383.9         383.9
   87.0  17388  -78.4                          25     13  391.2         391.2
   82.0  17727  -77.8                         350     10  399.1         399.1
   78.0  18013  -77.3                         330      6  405.8         405.8
   76.0  18162  -77.1                         249      5  409.4         409.4
   74.0  18317  -75.9                         165      3  415.1         415.1
   71.0  18558  -74.0                         135     15  424.1         424.1
   70.0  18640  -73.3                         135     16  427.2         427.2
   67.0  18897  -73.3                         125     21  432.6         432.6
   65.5  19029  -73.3                         103     24  435.4         435.4
   64.0  19166  -70.7                          80     27  444.1         444.1
   63.8  19184  -70.3                          81     27  445.3         445.3
   58.7  19676  -73.1                          98     27  449.7         449.7
   58.0  19747  -72.9                         100     27  451.7         451.7
   55.0  20059  -72.1                         125     34  460.5         460.5
   54.4  20124  -71.9                         120     35  462.4         462.4
   53.2  20256  -71.3                         109     38  466.7         466.7
   51.9  20404  -66.7                          98     41  480.7         480.7
   50.0  20630  -65.5                          80     46  488.7         488.7
   49.0  20753  -65.2                          80     45  492.2         492.2
   46.0  21138  -64.3                          83     48  503.4         503.4
   42.4  21641  -59.3                          87     52  527.6         527.6
   35.2  22809  -58.1                          95     62  559.5         559.5
   35.0  22845  -58.1                          95     62  560.5         560.5
   32.9  23234  -57.7                          90     58  571.5         571.5
   31.0  23612  -55.2                          85     54  587.9         587.9
   30.0  23820  -53.9                          80     47  597.1         597.1
   29.6  23907  -52.5                          79     41  603.2         603.2
   28.0  24266  -52.2                          75     16  613.6         613.6
   27.2  24454  -52.1                          23     10  619.1         619.1
   27.0  24501  -52.4                          10      9  619.7         619.7
   25.4  24895  -54.5                         334      7  624.5         624.5
   25.0  24997  -55.2                         325      7  625.4         625.4
   24.7  25074  -55.7                         300      6  626.0         626.0
   24.0  25259  -53.3                         240      5  638.1         638.1
   23.2  25478  -50.5                         188      7  652.6         652.6
   23.0  25535  -50.4                         175      8  654.5         654.5
   22.0  25826  -49.9                         170      1  664.2         664.2
   21.0  26130  -49.4                         120     10  674.6         674.6
   20.0  26450  -48.9                         145     16  685.7         685.7
   19.0  26787  -48.7                         160     10  696.5         696.5
   18.0  27143  -48.5                         355      8  708.1         708.1
   17.3  27403  -48.3                                     716.6         716.6
</PRE><H3>Station information and sounding indices</H3><PRE>
                         Station identifier: WAAA
                             Station number: 97180
                           Observation time: 180911/1200
                           Station latitude: -5.06
                          Station longitude: 119.55
                          Station elevation: 14.0
                            Showalter index: 9.01
                               Lifted index: 1.41
    LIFT computed using virtual temperature: 0.62
                                SWEAT index: 132.20
                                    K index: -4.70
                         Cross totals index: 9.70
                      Vertical totals index: 22.70
                        Totals totals index: 32.40
      Convective Available Potential Energy: 3.36
             CAPE using virtual temperature: 40.40
                      Convective Inhibition: -98.52
             CINS using virtual temperature: -55.94
                           Equilibrum Level: 754.40
 Equilibrum Level using virtual temperature: 621.22
                   Level of Free Convection: 788.08
             LFCT using virtual temperature: 808.55
                     Bulk Richardson Number: 0.11
          Bulk Richardson Number using CAPV: 1.28
  Temp [K] of the Lifted Condensation Level: 289.61
Pres [hPa] of the Lifted Condensation Level: 861.47
     Mean mixed layer potential temperature: 302.23
              Mean mixed layer mixing ratio: 14.03
              1000 hPa to 500 hPa thickness: 5785.00
Precipitable water [mm] for entire sounding: 28.43
</PRE>
<P>Description of the 
<A HREF="/upperair/columns.html">data columns</A>
or <A HREF="/upperair/indices.html">sounding indices</A>.

<P>
<FORM>
<INPUT CLASS="button" TYPE="button" VALUE=" Close this window " 
 onClick="window.close();">
<INPUT CLASS="button" TYPE="button" VALUE=" Select another map " 
 onClick="window.blur();">
</FORM>
<HR SIZE="1">
<I>Interested in graduate studies in atmospheric science?
Check out our program at the
<a href="http://www.uwyo.edu/atsc/howtoapply/"
target=_top>University of Wyoming
</a></I>
<HR SIZE="1"><FONT SIZE="-1">
Questions about the weather data provided by this site can be
addressed to <A HREF="mailto:ldoolman@uwyo.edu">
Larry Oolman (ldoolman@uwyo.edu)</A></FONT>
<HR SIZE="1">
<SCRIPT TYPE="text/javascript">
<!--
window.focus();
// -->
</SCRIPT>
</BODY>
</HTML>
