<HTML>
<TITLE>University of Wyoming - Radiosonde Data</TITLE>
<LINK REL="StyleSheet" HREF="/resources/select.css" TYPE="text/css">
<BODY BGCOLOR="white">
<H2>97180 WAAA Ujung Pandang Observations at 12Z 21 Aug 2018</H2>
<PRE>
-----------------------------------------------------------------------------
   PRES   HGHT   TEMP   DWPT   RELH   MIXR   DRCT   SKNT   THTA   THTE   THTV
    hPa     m      C      C      %    g/kg    deg   knot     K      K      K 
-----------------------------------------------------------------------------
 1008.0     14   29.8   24.8     75  20.02      0      0  302.3  361.8  305.9
 1007.0     23   28.4   22.4     70  17.27      3      1  300.9  351.9  304.1
 1000.0     87   28.2   22.2     70  17.17     25      6  301.4  352.1  304.4
  988.0    194   28.2   20.2     62  15.33     37      6  302.4  347.9  305.2
  944.0    597   24.9   19.1     70  14.97     80      5  303.0  347.6  305.7
  925.0    776   23.4   18.6     74  14.80    100      1  303.2  347.4  305.9
  912.0    900   22.3   18.3     78  14.73      0      1  303.3  347.2  306.0
  891.0   1103   20.4   17.8     85  14.61    118      2  303.4  347.0  306.1
  881.0   1201   19.9   17.6     87  14.55    175      2  303.8  347.3  306.4
  862.0   1390   18.8   17.1     90  14.44    212      4  304.6  347.9  307.2
  850.0   1511   18.8   14.8     78  12.61    235      5  305.8  343.9  308.1
  835.0   1664   18.4   11.4     64  10.24    264      5  307.0  338.2  308.9
  822.0   1798   17.5   10.9     66  10.09    290      5  307.4  338.2  309.2
  794.0   2093   15.4   10.0     70   9.77    310      6  308.2  338.2  310.0
  766.0   2398   13.3    8.9     75   9.44    350      5  309.1  338.2  310.8
  760.0   2465   12.8    8.7     76   9.37    332      5  309.3  338.2  311.0
  739.0   2700   11.8    3.8     58   6.83    270      5  310.6  332.0  311.9
  713.0   3000   10.5   -2.6     40   4.47    165      4  312.4  326.8  313.2
  708.0   3058   10.2   -3.8     37   4.10    165      4  312.7  326.0  313.5
  700.0   3153   10.0   -3.0     40   4.40    165      4  313.5  327.8  314.4
  663.0   3601    6.3   -2.3     54   4.90    210      6  314.3  330.1  315.2
  658.0   3664    5.8   -2.2     56   4.97    209      5  314.4  330.4  315.3
  639.0   3903    4.6   -7.7     40   3.36    205      3  315.7  326.8  316.4
  632.0   3993    4.2   -9.8     35   2.89    258      3  316.2  325.9  316.8
  616.0   4200    3.4  -10.2     36   2.86     20      4  317.6  327.2  318.1
  556.0   5028    0.0  -12.0     40   2.76     82     12  323.0  332.5  323.6
  547.0   5159   -0.7  -17.7     26   1.75     92     14  323.7  329.9  324.1
  531.0   5395   -2.5  -16.1     34   2.06    110     16  324.3  331.5  324.7
  519.0   5576   -3.9  -14.9     42   2.33    102     15  324.7  332.9  325.2
  501.0   5854   -5.7  -17.7     38   1.91     91     14  325.8  332.6  326.2
  500.0   5870   -5.9  -17.9     38   1.88     90     14  325.8  332.4  326.1
  480.0   6190   -5.7  -26.7     17   0.90     75     14  329.9  333.2  330.0
  455.0   6601   -8.7  -30.9     15   0.64     55     14  331.2  333.7  331.4
  405.0   7496  -15.1  -40.1     10   0.29     90     22  334.1  335.3  334.1
  400.0   7590  -15.7  -44.7      6   0.18     90     24  334.5  335.2  334.5
  369.0   8197  -18.3  -49.3      5   0.12     94     28  338.8  339.3  338.9
  359.0   8398  -19.9  -50.1      5   0.11     95     29  339.4  339.9  339.4
  300.0   9710  -30.1  -55.1      7   0.07     95     37  342.8  343.2  342.9
  290.0   9949  -31.5  -57.5      6   0.06     95     37  344.2  344.4  344.2
  254.0  10863  -40.1  -50.1     33   0.15     95     39  344.7  345.4  344.8
  250.0  10970  -41.1                          95     39  344.8         344.8
  224.0  11698  -47.8                          95     38  345.6         345.6
  200.0  12450  -54.7                          75     43  346.0         346.0
  199.0  12482  -54.9                          75     43  346.2         346.2
  180.0  13115  -60.1                          66     42  347.7         347.7
  177.0  13220  -60.1                          65     42  349.4         349.4
  170.0  13471  -60.1                          54     33  353.5         353.5
  161.0  13805  -62.8                          40     20  354.5         354.5
  153.0  14118  -65.3                          45     14  355.4         355.4
  150.0  14240  -66.3                          55     13  355.7         355.7
  146.0  14397  -67.5                          80     16  356.4         356.4
  139.0  14684  -69.5                          90     23  357.8         357.8
  106.0  16262  -81.1                          60     30  364.7         364.7
  102.0  16479  -80.3                          55     24  370.2         370.2
  100.0  16590  -79.9                          50     19  373.1         373.1
   96.0  16821  -79.1                          55     13  379.0         379.0
   91.1  17119  -78.1                          68     16  386.8         386.8
   87.0  17385  -74.5                          80     18  399.1         399.1
   84.8  17533  -72.5                          56     14  406.1         406.1
   82.0  17729  -73.1                          25      9  408.7         408.7
   78.0  18021  -74.1                          25     10  412.6         412.6
   74.0  18327  -74.1                         175      6  418.8         418.8
   71.8  18502  -74.1                         153      8  422.5         422.5
   70.0  18650  -73.3                         135      9  427.2         427.2
   68.8  18752  -70.7                         127     11  434.9         434.9
   66.1  18990  -71.5                         109     15  438.2         438.2
   64.0  19183  -70.8                          95     19  443.9         443.9
   61.1  19459  -69.7                          93     25  452.2         452.2
   59.0  19671  -65.9                          92     29  465.2         465.2
   55.0  20098  -66.5                          90     37  473.4         473.4
   53.5  20267  -66.7                          96     38  476.6         476.6
   50.0  20680  -64.3                         110     40  491.5         491.5
   39.0  22232  -58.8                          85     47  541.7         541.7
   31.0  23665  -53.6                          85     53  592.3         592.3
   30.0  23870  -52.9                          85     51  599.8         599.8
   26.0  24798  -52.6                          90      7  625.6         625.6
   24.0  25317  -52.5                         195      8  640.5         640.5
   23.0  25593  -52.4                         220      8  648.6         648.6
   21.6  26000  -52.3                         160      7  660.6         660.6
   21.0  26183  -52.2                         155      9  666.2         666.2
   20.0  26500  -52.1                         140     13  675.9         675.9
   19.0  26835  -51.5                          95     11  687.8         687.8
   16.0  27959  -49.5                         225     15  728.8         728.8
   15.0  28381  -48.8                         200     19  744.8         744.8
   13.4  29118  -47.5                         271     10  773.7         773.7
   13.0                                       290      8                     
</PRE><H3>Station information and sounding indices</H3><PRE>
                         Station identifier: WAAA
                             Station number: 97180
                           Observation time: 180821/1200
                           Station latitude: -5.06
                          Station longitude: 119.55
                          Station elevation: 14.0
                            Showalter index: -0.56
                               Lifted index: -2.44
    LIFT computed using virtual temperature: -3.10
                                SWEAT index: 201.59
                                    K index: 26.50
                         Cross totals index: 20.70
                      Vertical totals index: 24.70
                        Totals totals index: 45.40
      Convective Available Potential Energy: 485.53
             CAPE using virtual temperature: 675.85
                      Convective Inhibition: -60.31
             CINS using virtual temperature: -39.96
                           Equilibrum Level: 178.63
 Equilibrum Level using virtual temperature: 178.59
                   Level of Free Convection: 774.99
             LFCT using virtual temperature: 798.15
                     Bulk Richardson Number: 273.91
          Bulk Richardson Number using CAPV: 381.27
  Temp [K] of the Lifted Condensation Level: 291.98
Pres [hPa] of the Lifted Condensation Level: 886.17
     Mean mixed layer potential temperature: 302.26
              Mean mixed layer mixing ratio: 15.74
              1000 hPa to 500 hPa thickness: 5783.00
Precipitable water [mm] for entire sounding: 44.49
</PRE>
<P>Description of the 
<A HREF="/upperair/columns.html">data columns</A>
or <A HREF="/upperair/indices.html">sounding indices</A>.

<P>
<FORM>
<INPUT CLASS="button" TYPE="button" VALUE=" Close this window " 
 onClick="window.close();">
<INPUT CLASS="button" TYPE="button" VALUE=" Select another map " 
 onClick="window.blur();">
</FORM>
<HR SIZE="1">
<I>Interested in graduate studies in atmospheric science?
Check out our program at the
<a href="http://www.uwyo.edu/atsc/howtoapply/"
target=_top>University of Wyoming
</a></I>
<HR SIZE="1"><FONT SIZE="-1">
Questions about the weather data provided by this site can be
addressed to <A HREF="mailto:ldoolman@uwyo.edu">
Larry Oolman (ldoolman@uwyo.edu)</A></FONT>
<HR SIZE="1">
<SCRIPT TYPE="text/javascript">
<!--
window.focus();
// -->
</SCRIPT>
</BODY>
</HTML>
