<HTML>
<TITLE>University of Wyoming - Radiosonde Data</TITLE>
<LINK REL="StyleSheet" HREF="/resources/select.css" TYPE="text/css">
<BODY BGCOLOR="white">
<H2>97180 WAAA Ujung Pandang Observations at 12Z 26 Sep 2018</H2>
<PRE>
-----------------------------------------------------------------------------
   PRES   HGHT   TEMP   DWPT   RELH   MIXR   DRCT   SKNT   THTA   THTE   THTV
    hPa     m      C      C      %    g/kg    deg   knot     K      K      K 
-----------------------------------------------------------------------------
 1008.0     14   30.4   22.4     62  17.25      0      0  302.9  354.2  306.0
 1000.0     87   29.6   17.6     48  12.82     65      7  302.8  341.0  305.1
  997.0    114   29.2   17.2     48  12.54     66      8  302.6  340.0  304.9
  976.0    302   27.9   16.8     51  12.44     70     14  303.1  340.3  305.4
  925.0    778   24.6   15.6     57  12.19     95      9  304.5  341.1  306.7
  912.0    901   23.8   15.3     59  12.12     95      7  304.8  341.3  307.1
  900.0   1017   23.0   15.0     61  12.05     91      6  305.2  341.5  307.4
  881.0   1201   21.3   14.6     66  11.99     85      4  305.3  341.4  307.5
  851.0   1500   18.5   13.9     75  11.88    150      4  305.4  341.2  307.6
  850.0   1510   18.4   13.9     75  11.88    150      4  305.4  341.2  307.6
  816.0   1860   15.6   13.0     85  11.66    132      5  306.0  341.3  308.2
  794.0   2092   14.4   11.0     80  10.50    120      6  307.1  339.1  309.1
  769.0   2364   13.0    8.7     75   9.26    149      7  308.4  336.9  310.2
  762.0   2442   14.0    2.0     44   5.84    157      7  310.3  328.7  311.4
  739.0   2700   13.4  -10.1     19   2.42    185      8  312.4  320.5  312.9
  738.0   2712   13.4  -10.6     18   2.32    186      8  312.5  320.3  313.0
  700.0   3155   10.4   -9.6     23   2.65    210      5  314.0  322.8  314.5
  693.0   3238    9.8   -9.2     25   2.76    201      4  314.2  323.4  314.7
  688.0   3298    9.3   -5.3     35   3.75    195      4  314.3  326.6  315.0
  685.0   3335    9.0   -3.0     43   4.50    193      4  314.4  328.9  315.2
  664.0   3592    7.8   -3.2     46   4.57    176      8  315.8  330.7  316.7
  663.0   3604    7.8   -4.6     41   4.12    175      8  316.0  329.5  316.8
  657.0   3679    8.0  -13.0     21   2.15    165      7  317.0  324.3  317.4
  654.0   3717    7.8   -8.2     31   3.17    160      7  317.2  327.8  317.8
  639.0   3908    7.3  -16.5     16   1.65    135      5  318.8  324.5  319.1
  635.0   3960    7.2  -18.8     14   1.37    142      5  319.2  324.0  319.5
  616.0   4206    5.6  -17.5     17   1.58    175      3  320.2  325.7  320.5
  594.0   4501    3.7  -16.0     22   1.86    235      3  321.3  327.8  321.7
  572.0   4807    1.8  -14.4     29   2.20    255      4  322.5  330.1  322.9
  553.0   5081    0.0  -13.0     37   2.55    314      5  323.5  332.4  324.0
  551.0   5110   -0.2  -13.0     37   2.56    320      5  323.6  332.5  324.1
  531.0   5404   -2.2  -13.4     42   2.57    340      4  324.7  333.6  325.2
  516.0   5632   -3.7  -13.7     46   2.59      2      5  325.5  334.5  326.0
  511.0   5708   -3.9  -16.1     38   2.15     10      5  326.2  333.8  326.6
  500.0   5880   -4.3  -21.3     25   1.40     25      8  327.7  332.8  328.0
  492.0   6007   -4.8  -23.6     21   1.16     35      9  328.6  332.9  328.8
  491.0   6023   -4.9  -23.9     21   1.14     37      9  328.7  332.9  328.9
  459.0   6551   -7.1  -37.1      7   0.35    113     14  332.3  333.7  332.4
  456.0   6601   -7.4  -37.2      7   0.35    120     14  332.6  333.9  332.6
  400.0   7610  -14.1  -39.1     10   0.32     75     18  336.6  337.9  336.6
  390.0   7799  -15.4  -40.2     10   0.30     70     19  337.3  338.5  337.3
  360.0   8398  -19.6  -43.8     10   0.22     70     14  339.5  340.4  339.5
  354.0   8523  -20.5  -44.5     10   0.21     73     14  339.9  340.8  340.0
  300.0   9720  -30.9  -51.9     11   0.11    105     17  341.7  342.2  341.7
  293.0   9885  -32.4  -52.1     12   0.11    110     18  341.9  342.4  341.9
  260.0  10722  -39.9  -52.9     24   0.11    106     25  342.8  343.2  342.8
  250.0  10990  -41.9                         105     27  343.6         343.6
  205.0  12290  -53.8                          80     37  344.9         344.9
  202.0  12387  -54.7                          77     38  345.0         345.0
  200.0  12450  -55.1                          75     38  345.4         345.4
  186.0  12911  -57.0                          70     44  349.5         349.5
  177.0  13226  -58.3                          75     41  352.4         352.4
  169.0  13512  -60.5                          80     38  353.4         353.4
  150.0  14250  -66.1                          40     30  356.0         356.0
  146.0  14408  -67.2                          40     30  356.8         356.8
  113.0  15901  -78.0                          45     25  363.9         363.9
  110.0  16058  -79.1                          55     20  364.6         364.6
  109.0  16109  -77.7                          63     17  368.2         368.2
  107.0  16215  -77.5                          80     11  370.5         370.5
  102.0  16487  -76.9                         140     14  376.7         376.7
  100.0  16600  -76.7                         140     19  379.3         379.3
   92.0  17076  -79.7                         140     13  382.6         382.6
   88.8  17277  -80.9                         135      9  384.0         384.0
   83.0  17660  -80.0                          45     13  393.2         393.2
   78.2  17998  -79.3                          11     11  401.5         401.5
   78.0  18012  -79.1                          10     11  402.2         402.2
   74.0  18318  -75.5                          35      5  415.9         415.9
   71.0  18558  -72.7                         145      5  426.9         426.9
   70.0  18640  -71.7                         145      6  430.7         430.7
   67.9  18821  -69.3                         113     11  439.6         439.6
   65.1  19074  -67.1                          68     18  449.7         449.7
   64.0  19176  -67.4                          50     21  451.2         451.2
   61.0  19463  -68.3                          60     16  455.5         455.5
   55.0  20082  -70.2                         105     28  464.9         464.9
   52.9  20315  -70.9                         101     33  468.4         468.4
   50.0  20650  -69.3                          95     41  479.8         479.8
   48.9  20782  -70.1                          94     43  480.9         480.9
   47.5  20956  -66.5                          93     45  493.5         493.5
   45.0  21286  -65.5                          90     50  503.5         503.5
   37.0  22481  -62.1                          90     61  541.3         541.3
   34.0  23005  -59.7                          90     66  560.9         560.9
   33.5  23099  -58.8                          90     66  565.6         565.6
   31.0  23592  -54.1                          85     46  591.0         591.0
   30.0  23800  -52.1                          80     37  602.0         602.0
   29.0  24021  -48.8                          80     18  617.0         617.0
   28.8  24067  -48.1                          61     16  620.1         620.1
   28.0  24252  -48.4                         345      9  624.3         624.3
   27.0  24490  -48.8                         295     15  629.8         629.8
   24.6  25102  -49.7                         259     28  644.0         644.0
   24.0  25264  -48.3                         250     31  652.7         652.7
   23.5  25403  -47.1                         245     28  660.1         660.1
   23.0  25545  -47.1                         240     25  664.1         664.1
   20.0  26470  -47.3                         280     28  690.6         690.6
   18.0  27171  -47.5                         265     24  711.1         711.1
   15.9  27995  -47.7                         279     27  736.1         736.1
   15.0  28387  -47.1                         285     28  750.5         750.5
   14.0  28850  -46.3                         290     10  768.0         768.0
   12.0  29885  -44.7                         290     23  808.5         808.5
   10.0  31110  -42.7                         280     27  859.0         859.0
</PRE><H3>Station information and sounding indices</H3><PRE>
                         Station identifier: WAAA
                             Station number: 97180
                           Observation time: 180926/1200
                           Station latitude: -5.06
                          Station longitude: 119.55
                          Station elevation: 14.0
                            Showalter index: 2.09
                               Lifted index: 2.09
    LIFT computed using virtual temperature: 1.55
                                SWEAT index: 182.81
                                    K index: 16.60
                         Cross totals index: 18.20
                      Vertical totals index: 22.70
                        Totals totals index: 40.90
      Convective Available Potential Energy: 0.00
             CAPE using virtual temperature: 0.00
                      Convective Inhibition: 0.00
             CINS using virtual temperature: 0.00
                     Bulk Richardson Number: 0.00
          Bulk Richardson Number using CAPV: 0.00
  Temp [K] of the Lifted Condensation Level: 287.86
Pres [hPa] of the Lifted Condensation Level: 835.04
     Mean mixed layer potential temperature: 303.09
              Mean mixed layer mixing ratio: 12.82
              1000 hPa to 500 hPa thickness: 5793.00
Precipitable water [mm] for entire sounding: 37.36
</PRE>
<P>Description of the 
<A HREF="/upperair/columns.html">data columns</A>
or <A HREF="/upperair/indices.html">sounding indices</A>.

<P>
<FORM>
<INPUT CLASS="button" TYPE="button" VALUE=" Close this window " 
 onClick="window.close();">
<INPUT CLASS="button" TYPE="button" VALUE=" Select another map " 
 onClick="window.blur();">
</FORM>
<HR SIZE="1">
<I>Interested in graduate studies in atmospheric science?
Check out our program at the
<a href="http://www.uwyo.edu/atsc/howtoapply/"
target=_top>University of Wyoming
</a></I>
<HR SIZE="1"><FONT SIZE="-1">
Questions about the weather data provided by this site can be
addressed to <A HREF="mailto:ldoolman@uwyo.edu">
Larry Oolman (ldoolman@uwyo.edu)</A></FONT>
<HR SIZE="1">
<SCRIPT TYPE="text/javascript">
<!--
window.focus();
// -->
</SCRIPT>
</BODY>
</HTML>
