<HTML>
<TITLE>University of Wyoming - Radiosonde Data</TITLE>
<LINK REL="StyleSheet" HREF="/resources/select.css" TYPE="text/css">
<BODY BGCOLOR="white">
<H2>97180 WAAA Ujung Pandang Observations at 12Z 05 Aug 2018</H2>
<PRE>
-----------------------------------------------------------------------------
   PRES   HGHT   TEMP   DWPT   RELH   MIXR   DRCT   SKNT   THTA   THTE   THTV
    hPa     m      C      C      %    g/kg    deg   knot     K      K      K 
-----------------------------------------------------------------------------
 1010.0     14   27.0   21.0     70  15.77      0      0  299.3  345.5  302.1
 1000.0     98   27.0   20.0     66  14.95    180     10  300.1  344.1  302.8
  977.0    305   25.5   20.0     72  15.31    135      9  300.6  345.8  303.4
  970.0    369   25.0   20.0     74  15.42    136      8  300.8  346.2  303.5
  963.0    433   25.8   19.8     69  15.34    137      7  302.2  347.7  305.0
  945.0    600   24.7   18.7     69  14.56    140      5  302.7  346.0  305.3
  925.0    789   23.4   17.4     69  13.70    160      1  303.2  344.1  305.7
  913.0    902   22.4   17.1     72  13.64      0      1  303.4  344.1  305.8
  882.0   1201   19.8   16.4     81  13.47    180      2  303.6  343.9  306.1
  852.0   1501   17.2   15.7     91  13.30    155      2  303.9  343.7  306.4
  850.0   1521   17.0   15.6     91  13.29    155      2  303.9  343.7  306.4
  826.0   1766   15.0   14.6     97  12.81    155      3  304.3  342.7  306.7
  822.0   1807   14.9   13.8     93  12.21    155      3  304.6  341.3  306.8
  794.0   2100   13.9    8.1     68   8.58    230      3  306.6  332.8  308.1
  787.0   2175   13.6    6.6     63   7.82    237      4  307.1  331.1  308.5
  779.0   2262   14.2    2.2     44   5.79    245      5  308.6  326.7  309.7
  748.0   2603   11.6    4.6     62   7.16    276     10  309.4  331.7  310.7
  739.0   2704   11.1    3.9     61   6.88    285     12  309.9  331.3  311.1
  700.0   3156    8.6    0.6     57   5.74    290     18  312.0  330.2  313.1
  681.0   3383    7.2   -0.8     57   5.33    288     16  312.9  329.9  313.9
  655.0   3702    5.8   -3.2     52   4.64    286     14  314.8  329.8  315.7
  639.0   3903    4.9  -13.6     25   2.10    285     12  316.0  323.1  316.4
  630.0   4018    4.4  -19.6     16   1.29    279      9  316.7  321.2  317.0
  616.0   4201    4.3  -22.7     12   1.01    270      4  318.7  322.3  318.9
  598.0   4441    4.2  -26.8      8   0.72     49      5  321.2  323.9  321.4
  594.0   4495    3.8  -24.3     11   0.91     80      5  321.4  324.7  321.6
  583.0   4646    2.8  -17.2     21   1.71     78      3  321.9  328.0  322.3
  572.0   4800    2.5  -18.1     20   1.62     75      1  323.3  329.1  323.6
  563.0   4928    2.2  -18.8     19   1.55    147      2  324.5  330.0  324.8
  551.0   5100    0.7  -11.9     38   2.80    245      3  324.6  334.3  325.2
  546.0   5174    0.0   -9.0     51   3.56    259      4  324.7  336.9  325.4
  531.0   5394   -1.7  -10.1     53   3.36    300      6  325.2  336.7  325.9
  511.0   5698   -4.1  -11.6     56   3.09    325      8  325.9  336.6  326.5
  500.0   5870   -5.5  -12.5     58   2.94    335      5  326.3  336.5  326.9
  492.0   5997   -6.2  -13.4     57   2.78    280      1  326.9  336.6  327.4
  474.0   6289   -7.9  -15.6     54   2.42    120      2  328.4  336.9  328.8
  463.0   6473   -8.9  -16.9     52   2.21     86      8  329.3  337.1  329.7
  455.0   6609   -8.2  -19.6     39   1.79     60     13  331.8  338.3  332.1
  442.0   6836   -7.1  -24.1     24   1.24     66     13  335.9  340.6  336.2
  422.0   7195   -9.9  -26.4     25   1.05     75     13  336.9  340.9  337.1
  406.0   7495  -12.2  -28.4     25   0.92    110     10  337.6  341.1  337.8
  400.0   7610  -13.1  -29.1     25   0.87    110     13  337.9  341.2  338.1
  384.0   7918  -15.3  -31.3     24   0.73     96     13  338.9  341.8  339.1
  346.0   8679  -21.8  -37.4     23   0.45     60     14  340.4  342.2  340.5
  318.0   9295  -27.1  -42.3     22   0.29     35     17  341.4  342.6  341.4
  300.0   9720  -30.7  -45.7     22   0.21     40     21  342.0  342.9  342.0
  258.0  10775  -40.1  -52.1     27   0.12     50     35  343.2  343.7  343.2
  257.0  10801  -40.3                          50     35  343.3         343.3
  250.0  10990  -41.9                          50     41  343.6         343.6
  215.0  11984  -49.9                          50     55  346.4         346.4
  200.0  12460  -53.7                          45     53  347.6         347.6
  172.0  13414  -62.1                          53     57  349.0         349.0
  154.0  14091  -67.3                          59     60  351.3         351.3
  150.0  14250  -67.9                          60     61  352.9         352.9
  146.0  14413  -67.4                          65     58  356.6         356.6
  144.0  14496  -67.1                          65     57  358.5         358.5
  110.0  16073  -79.5                          75     42  363.8         363.8
  108.0  16179  -78.7                          70     39  367.3         367.3
  102.0  16506  -76.2                          40     24  378.2         378.2
  100.0  16620  -75.3                          50     17  382.0         382.0
   97.0  16794  -76.2                         105     10  383.5         383.5
   92.0  17097  -77.9                         135     15  386.0         386.0
   87.0  17417  -79.7                         120     12  388.7         388.7
   84.7  17571  -80.5                         100      6  390.0         390.0
   83.0  17686  -79.9                         130      1  393.6         393.6
   79.0  17967  -78.3                         190     11  402.3         402.3
   77.4  18084  -77.7                         163     10  406.0         406.0
   74.9  18274  -73.7                         120      8  418.2         418.2
   71.0  18587  -73.4                          50      5  425.3         425.3
   70.0  18670  -73.3                          45      5  427.2         427.2
   67.9  18847  -74.7                          52      7  428.0         428.0
   67.0  18925  -73.7                          55      8  431.8         431.8
   65.1  19093  -71.5                          93     11  440.1         440.1
   64.0  19193  -71.6                         115     13  442.1         442.1
   60.4  19533  -71.9                         108     20  448.8         448.8
   53.3  20281  -64.5                          93     34  482.2         482.2
   50.0  20670  -64.7                          85     41  490.6         490.6
   40.9  21900  -64.1                          89     46  521.1         521.1
   37.5  22433  -63.1                          91     48  536.7         536.7
   34.8  22900  -56.3                          92     50  566.0         566.0
   32.4  23355  -56.1                          93     52  578.2         578.2
   30.2  23807  -51.7                          95     54  602.0         602.0
   30.0  23850  -51.5                          95     54  603.6         603.6
   26.3  24702  -50.3                          90     47  630.2         630.2
   26.0  24777  -49.7                          90     46  633.9         633.9
   24.3  25220  -46.3                          79     23  656.1         656.1
   23.0  25582  -47.0                          70      5  664.4         664.4
   22.0  25875  -47.6                          75      3  671.2         671.2
   21.5  26026  -47.9                          50      4  674.7         674.7
   21.0  26180  -48.3                          25      6  678.1         678.1
   20.7  26274  -48.5                           9      7  680.2         680.2
   20.0  26500  -47.3                         330     10  690.6         690.6
   19.9  26533  -47.3                         325     10  691.6         691.6
   19.3  26737  -43.9                         292      7  708.2         708.2
   19.0  26842  -44.0                         275      6  711.2         711.2
   18.0  27204  -44.2                         295      8  721.6         721.6
   16.0  27992  -44.6                         280     25  744.8         744.8
   15.0  28424  -44.9                         290     40  757.9         757.9
   14.1  28838  -45.1                         277     43  770.6         770.6
   14.0                                       275     43                     
</PRE><H3>Station information and sounding indices</H3><PRE>
                         Station identifier: WAAA
                             Station number: 97180
                           Observation time: 180805/1200
                           Station latitude: -5.06
                          Station longitude: 119.55
                          Station elevation: 14.0
                            Showalter index: -0.08
                               Lifted index: -0.84
    LIFT computed using virtual temperature: -1.25
                                SWEAT index: 196.19
                                    K index: 30.10
                         Cross totals index: 21.10
                      Vertical totals index: 22.50
                        Totals totals index: 43.60
      Convective Available Potential Energy: 71.17
             CAPE using virtual temperature: 164.04
                      Convective Inhibition: -65.84
             CINS using virtual temperature: -58.27
                           Equilibrum Level: 243.17
 Equilibrum Level using virtual temperature: 243.30
                   Level of Free Convection: 838.19
             LFCT using virtual temperature: 841.81
                     Bulk Richardson Number: 5.82
          Bulk Richardson Number using CAPV: 13.41
  Temp [K] of the Lifted Condensation Level: 291.73
Pres [hPa] of the Lifted Condensation Level: 899.14
     Mean mixed layer potential temperature: 300.74
              Mean mixed layer mixing ratio: 15.23
              1000 hPa to 500 hPa thickness: 5772.00
Precipitable water [mm] for entire sounding: 44.52
</PRE>
<P>Description of the 
<A HREF="/upperair/columns.html">data columns</A>
or <A HREF="/upperair/indices.html">sounding indices</A>.

<P>
<FORM>
<INPUT CLASS="button" TYPE="button" VALUE=" Close this window " 
 onClick="window.close();">
<INPUT CLASS="button" TYPE="button" VALUE=" Select another map " 
 onClick="window.blur();">
</FORM>
<HR SIZE="1">
<I>Interested in graduate studies in atmospheric science?
Check out our program at the
<a href="http://www.uwyo.edu/atsc/howtoapply/"
target=_top>University of Wyoming
</a></I>
<HR SIZE="1"><FONT SIZE="-1">
Questions about the weather data provided by this site can be
addressed to <A HREF="mailto:ldoolman@uwyo.edu">
Larry Oolman (ldoolman@uwyo.edu)</A></FONT>
<HR SIZE="1">
<SCRIPT TYPE="text/javascript">
<!--
window.focus();
// -->
</SCRIPT>
</BODY>
</HTML>
