<HTML>
<TITLE>University of Wyoming - Radiosonde Data</TITLE>
<LINK REL="StyleSheet" HREF="/resources/select.css" TYPE="text/css">
<BODY BGCOLOR="white">
<H2>97180 WAAA Ujung Pandang Observations at 12Z 15 Sep 2018</H2>
<PRE>
-----------------------------------------------------------------------------
   PRES   HGHT   TEMP   DWPT   RELH   MIXR   DRCT   SKNT   THTA   THTE   THTV
    hPa     m      C      C      %    g/kg    deg   knot     K      K      K 
-----------------------------------------------------------------------------
 1008.0     14   29.2   18.2     52  13.22      0      0  301.7  340.9  304.1
 1000.0     84   29.6   15.6     43  11.26    100      6  302.8  336.4  304.8
  990.0    174   29.2   15.2     43  11.09    100      9  303.2  336.4  305.2
  976.0    300   28.2   14.7     43  10.85    100     13  303.5  336.1  305.5
  925.0    776   24.6   12.6     47  10.00     95     18  304.5  334.7  306.3
  866.0   1353   21.6    7.6     40   7.62     79     16  307.1  330.6  308.5
  851.0   1505   20.5    7.4     43   7.65     75     15  307.5  331.1  308.9
  850.0   1515   20.4    7.4     43   7.65     75     15  307.5  331.1  308.9
  794.0   2096   15.1    4.9     51   6.90     80     17  307.9  329.3  309.2
  791.0   2128   14.8    4.8     51   6.86     76     17  307.9  329.2  309.2
  768.0   2377   14.2   -0.8     36   4.72     48     14  309.9  324.9  310.7
  739.0   2698   11.4    0.2     46   5.27     10     11  310.2  326.9  311.2
  715.0   2973    9.0    1.0     57   5.79     22      8  310.5  328.8  311.6
  700.0   3148    8.4    0.4     57   5.66     30      6  311.8  329.7  312.8
  687.0   3302    7.6   -2.8     48   4.56     45      6  312.6  327.2  313.4
  663.0   3595    6.2   -8.8     33   2.98     30      7  314.2  324.0  314.7
  649.0   3769    5.0  -11.0     30   2.56     21      8  314.7  323.3  315.2
  639.0   3895    4.2   -8.5     39   3.16     15      9  315.2  325.7  315.8
  622.0   4114    2.8   -4.2     60   4.53     30     14  316.0  330.8  316.9
  616.0   4193    2.8   -7.2     48   3.64     35     16  316.9  329.0  317.6
  606.0   4325    2.8  -12.2     32   2.49     31     16  318.4  326.9  318.9
  571.0   4803    0.0  -21.0     19   1.26     15     15  320.6  325.1  320.8
  566.0   4874    0.0  -28.0     10   0.68     18     15  321.4  323.9  321.5
  563.0   4916    0.0  -22.0     17   1.17     20     16  321.9  326.1  322.1
  558.0   4987   -0.5  -17.5     26   1.74     23     16  322.1  328.2  322.4
  556.0   5016   -0.5  -15.5     31   2.07     24     16  322.4  329.6  322.8
  554.0   5045   -0.3  -28.3     10   0.67     25     17  323.0  325.5  323.1
  533.0   5353   -1.3  -32.3      7   0.48     38     19  325.4  327.2  325.5
  530.0   5398   -1.3  -29.9      9   0.61     40     19  325.9  328.2  326.0
  528.0   5428   -1.3  -28.3     11   0.71     41     19  326.3  328.9  326.4
  522.0   5519   -1.7  -12.7     43   2.77     43     20  326.9  336.5  327.4
  518.0   5580   -2.3   -9.3     59   3.67     44     21  326.9  339.4  327.6
  500.0   5860   -3.7  -11.7     54   3.14     50     23  328.5  339.4  329.1
  453.0   6633   -8.5  -16.5     52   2.34     67     21  331.8  340.2  332.3
  425.0   7126  -10.1  -26.1     26   1.08     78     19  335.9  340.0  336.1
  421.0   7198  -10.6  -26.2     27   1.08     80     19  336.1  340.2  336.4
  400.0   7590  -13.5  -26.5     33   1.10     75     20  337.4  341.6  337.6
  374.0   8092  -17.6  -29.0     36   0.94     75     30  338.5  342.1  338.7
  353.0   8523  -21.1  -31.1     40   0.81     75     30  339.4  342.6  339.6
  303.0   9629  -28.5  -47.5     14   0.17     75     30  344.1  344.9  344.1
  300.0   9700  -28.9  -46.9     16   0.19     75     30  344.5  345.3  344.6
  292.0   9890  -30.7  -47.5     18   0.18     75     29  344.7  345.5  344.7
  256.0  10817  -39.3  -50.3     30   0.15     67     30  345.1  345.8  345.2
  250.0  10980  -39.9  -54.9     19   0.09     65     30  346.6  347.0  346.6
  249.0  11007  -40.1  -56.1     16   0.08     65     30  346.7  347.1  346.7
  200.0  12470  -51.5                          50     41  351.1         351.1
  150.0  14270  -66.9                          40     43  354.6         354.6
  147.0  14387  -67.8                          40     44  355.1         355.1
  114.0  15854  -79.1                          55     59  360.9         360.9
  100.0  16610  -84.9                          70     41  363.4         363.4
   98.7  16682  -85.3                          75     40  364.0         364.0
   92.8  17024  -83.5                          84     34  374.1         374.1
   92.0  17072  -82.0                          85     33  378.0         378.0
   91.0  17134  -80.1                          84     31  382.9         382.9
   87.0  17391  -77.2                          80     25  393.8         393.8
   86.4  17430  -76.7                          85     26  395.5         395.5
   83.0  17663  -76.3                         115     29  400.8         400.8
   74.0  18328  -75.2                          80     17  416.5         416.5
   71.0  18568  -74.8                          85     21  422.4         422.4
   70.4  18617  -74.7                          85     22  423.6         423.6
   70.0  18650  -74.3                          85     23  425.1         425.1
   64.9  19095  -71.3                          77     24  440.9         440.9
   63.6  19216  -67.9                          75     24  451.0         451.0
   61.0  19467  -67.9                          70     25  456.4         456.4
   55.0  20091  -67.9                         115     38  470.1         470.1
   54.6  20135  -67.9                         113     39  471.1         471.1
   51.0  20549  -64.9                          99     46  487.4         487.4
   50.0  20670  -64.9                          95     48  490.1         490.1
   47.0  21048  -64.7                          95     51  499.3         499.3
   44.1  21437  -64.5                          96     52  509.0         509.0
   42.0  21738  -60.3                          97     53  526.5         526.5
   37.2  22494  -60.5                          98     56  544.6         544.6
   34.6  22952  -54.7                          99     58  571.2         571.2
   32.3  23395  -53.5                         100     59  585.6         585.6
   32.0  23455  -53.4                         100     59  587.6         587.6
   30.0  23870  -52.3                          85     36  601.5         601.5
   29.0  24088  -51.5                          80     28  609.5         609.5
   27.0  24546  -53.1                          70     12  617.5         617.5
   26.1  24764  -53.9                          79      4  621.3         621.3
   26.0  24789  -53.8                          80      3  622.2         622.2
   24.0  25304  -52.4                         155      9  640.9         640.9
   23.0  25578  -51.6                         130     15  651.1         651.1
   22.0  25864  -50.7                         165      8  661.8         661.8
   21.0  26164  -49.9                         250     19  673.3         673.3
   20.8  26226  -49.7                         254     20  675.7         675.7
   20.0  26480  -50.5                         270     26  680.8         680.8
   19.0  26815  -50.0                         255     22  692.4         692.4
   18.8  26884  -49.9                         258     21  694.9         694.9
   18.0  27170  -48.0                         270     17  709.5         709.5
   17.3  27432  -46.3                         250     16  723.0         723.0
   16.0  27950  -46.3                         210     14  739.4         739.4
   15.0  28379  -46.3                         270     10  753.1         753.1
   14.0  28837  -46.3                         285     28  768.1         768.1
   13.0  29329  -46.3                         265     39  784.5         784.5
   12.4  29643  -46.3                                     795.2         795.2
</PRE><H3>Station information and sounding indices</H3><PRE>
                         Station identifier: WAAA
                             Station number: 97180
                           Observation time: 180915/1200
                           Station latitude: -5.06
                          Station longitude: 119.55
                          Station elevation: 14.0
                            Showalter index: 7.11
                               Lifted index: 4.73
    LIFT computed using virtual temperature: 4.59
                                SWEAT index: 141.79
                                    K index: 23.50
                         Cross totals index: 11.10
                      Vertical totals index: 24.10
                        Totals totals index: 35.20
      Convective Available Potential Energy: 0.00
             CAPE using virtual temperature: 0.00
                      Convective Inhibition: 0.00
             CINS using virtual temperature: 0.00
                     Bulk Richardson Number: 0.00
          Bulk Richardson Number using CAPV: 0.00
  Temp [K] of the Lifted Condensation Level: 285.12
Pres [hPa] of the Lifted Condensation Level: 805.83
     Mean mixed layer potential temperature: 303.27
              Mean mixed layer mixing ratio: 11.06
              1000 hPa to 500 hPa thickness: 5776.00
Precipitable water [mm] for entire sounding: 33.40
</PRE>
<P>Description of the 
<A HREF="/upperair/columns.html">data columns</A>
or <A HREF="/upperair/indices.html">sounding indices</A>.

<P>
<FORM>
<INPUT CLASS="button" TYPE="button" VALUE=" Close this window " 
 onClick="window.close();">
<INPUT CLASS="button" TYPE="button" VALUE=" Select another map " 
 onClick="window.blur();">
</FORM>
<HR SIZE="1">
<I>Interested in graduate studies in atmospheric science?
Check out our program at the
<a href="http://www.uwyo.edu/atsc/howtoapply/"
target=_top>University of Wyoming
</a></I>
<HR SIZE="1"><FONT SIZE="-1">
Questions about the weather data provided by this site can be
addressed to <A HREF="mailto:ldoolman@uwyo.edu">
Larry Oolman (ldoolman@uwyo.edu)</A></FONT>
<HR SIZE="1">
<SCRIPT TYPE="text/javascript">
<!--
window.focus();
// -->
</SCRIPT>
</BODY>
</HTML>
