<HTML>
<TITLE>University of Wyoming - Radiosonde Data</TITLE>
<LINK REL="StyleSheet" HREF="/resources/select.css" TYPE="text/css">
<BODY BGCOLOR="white">
<H2>97180 WAAA Ujung Pandang Observations at 12Z 23 Aug 2018</H2>
<PRE>
-----------------------------------------------------------------------------
   PRES   HGHT   TEMP   DWPT   RELH   MIXR   DRCT   SKNT   THTA   THTE   THTV
    hPa     m      C      C      %    g/kg    deg   knot     K      K      K 
-----------------------------------------------------------------------------
 1009.0     14   29.6   22.6     66  17.45      0      0  302.0  353.7  305.1
 1008.0     23   28.4   20.4     62  15.21    357      0  300.9  345.8  303.6
 1000.0     98   28.2   20.2     62  15.14    330      3  301.4  346.1  304.1
  977.0    304   27.1   18.7     60  14.08    150      2  302.3  344.1  304.8
  949.0    561   25.8   16.8     58  12.84    137      3  303.4  341.9  305.8
  945.0    598   25.5   16.8     59  12.90    135      3  303.5  342.1  305.8
  925.0    786   23.8   16.8     65  13.18    160      3  303.6  343.1  306.0
  913.0    899   22.8   16.6     68  13.22    180      3  303.7  343.3  306.1
  872.0   1296   19.2   16.1     82  13.38    130      4  304.0  344.1  306.5
  852.0   1495   17.9   14.7     81  12.45    105      5  304.7  342.1  307.0
  850.0   1515   17.8   14.5     81  12.36    110      5  304.8  341.9  307.0
  822.0   1799   16.4   12.5     78  11.22    170      4  306.2  340.2  308.2
  793.0   2104   14.8   10.4     75  10.10    145      1  307.7  338.6  309.6
  778.0   2267   14.0    9.3     73   9.54    159      2  308.5  337.8  310.3
  768.0   2376   13.2    8.4     73   9.08    168      2  308.8  336.8  310.5
  766.0   2397   13.2    7.5     68   8.54    170      2  309.0  335.4  310.6
  749.0   2586   13.4   -0.6     38   4.91    223      3  311.2  326.9  312.1
  739.0   2698   13.0   -2.4     34   4.35    255      4  312.0  326.0  312.8
  713.0   2998   11.9   -7.3     26   3.12    225      4  313.9  324.2  314.5
  707.0   3068   11.6   -8.4     24   2.88    220      4  314.4  324.0  314.9
  700.0   3151   11.4   -7.6     26   3.10    215      3  315.1  325.4  315.7
  688.0   3293   10.4   -7.7     27   3.13    250      3  315.5  325.9  316.1
  663.0   3598    8.2   -7.9     31   3.20     30      3  316.3  327.0  317.0
  640.0   3889    6.0   -8.1     36   3.26     80      2  317.1  328.0  317.8
  627.0   4058    4.8   -8.2     38   3.30     72      3  317.6  328.6  318.2
  608.0   4308    3.0   -4.0     60   4.70     59      5  318.3  333.8  319.2
  594.0   4496    2.1   -4.9     60   4.49     50      6  319.4  334.2  320.2
  590.0   4551    1.8   -5.2     60   4.43     51      6  319.7  334.3  320.5
  564.0   4913    1.2   -8.8     47   3.50     60      6  323.1  335.0  323.8
  557.0   5013    1.0  -17.0     25   1.82     63      6  324.0  330.5  324.4
  547.0   5158    0.0  -13.0     37   2.58     66      6  324.5  333.5  325.0
  536.0   5321   -1.5   -8.5     59   3.78     70      6  324.6  337.5  325.4
  511.0   5698   -4.0  -11.0     58   3.26     80      6  326.1  337.3  326.7
  500.0   5870   -5.1  -12.1     58   3.04     80      7  326.8  337.3  327.4
  492.0   5997   -5.9  -13.6     55   2.74     75      9  327.3  336.9  327.8
  488.0   6061   -6.3  -14.3     53   2.60     69      9  327.6  336.7  328.1
  473.0   6304   -8.1  -14.2     62   2.72     45     11  328.2  337.8  328.8
  465.0   6437   -9.1  -14.1     67   2.78     46     12  328.6  338.4  329.2
  450.0   6690   -9.9  -18.9     48   1.92     48     14  330.7  337.6  331.1
  416.0   7293  -13.7  -20.7     56   1.78     53     19  333.3  339.8  333.7
  405.0   7496  -14.9  -21.9     55   1.64     55     21  334.3  340.4  334.6
  400.0   7590  -15.5  -22.5     55   1.58     60     20  334.8  340.6  335.1
  382.0   7936  -18.3  -25.3     54   1.29     72     21  335.5  340.3  335.8
  374.0   8094  -19.5  -26.5     54   1.18     78     22  335.9  340.4  336.2
  371.0   8153  -20.1  -26.1     59   1.23     80     22  335.9  340.6  336.2
  369.0   8193  -20.3  -26.3     59   1.22     81     23  336.2  340.8  336.4
  367.0   8234  -19.7  -28.7     45   0.98     83     23  337.5  341.3  337.7
  366.0   8254  -19.1  -32.1     31   0.71     83     23  338.6  341.4  338.7
  352.0   8543  -21.1  -47.1      8   0.16     94     24  339.7  340.3  339.7
  331.0   8988  -24.9  -46.0     12   0.19    110     26  340.4  341.2  340.4
  300.0   9700  -31.1  -44.1     27   0.26    100     26  341.4  342.5  341.5
  293.0   9868  -32.7  -42.7     36   0.30     97     27  341.5  342.7  341.5
  258.0  10754  -39.9  -50.9     30   0.14     79     31  343.5  344.1  343.5
  250.0  10970  -41.3                          75     32  344.5         344.5
  224.0  11693  -47.4                          65     43  346.1         346.1
  200.0  12440  -53.7                          55     55  347.6         347.6
  186.0  12900  -57.9                          53     65  348.1         348.1
  169.0  13495  -61.0                          50     79  352.6         352.6
  158.0  13913  -63.1                          56     59  355.9         355.9
  150.0  14230  -65.1                          60     44  357.7         357.7
  132.0  14985  -71.7                          70     18  359.2         359.2
  119.0  15597  -77.1                          80     14  360.2         360.2
  113.0  15891  -79.1                         100     12  361.7         361.7
  108.0  16147  -80.9                          93     13  363.1         363.1
  102.0  16469  -80.8                          85     15  369.4         369.4
  100.0  16580  -80.7                          95     16  371.6         371.6
   96.0  16809  -82.4                          95     22  372.6         372.6
   94.8  16880  -82.9                          85     23  373.0         373.0
   92.9  16994  -78.5                          68     24  383.8         383.8
   91.0  17113  -76.2                          50     25  390.6         390.6
   90.9  17120  -76.1                          50     25  391.0         391.0
   87.0  17373  -76.1                          35     19  395.9         395.9
   82.0  17716  -76.1                         110     13  402.6         402.6
   78.5  17968  -76.1                         101     16  407.7         407.7
   78.0  18006  -75.0                         100     16  410.6         410.6
   75.2  18221  -68.9                          76     17  427.8         427.8
   74.0  18317  -69.0                          65     17  429.5         429.5
   71.0  18565  -69.4                          55     17  433.9         433.9
   70.0  18650  -69.5                          55     17  435.4         435.4
   68.2  18805  -69.9                          72     18  437.8         437.8
   64.0  19187  -68.2                         115     21  449.5         449.5
   61.0  19475  -67.0                          95     24  458.5         458.5
   59.5  19625  -66.3                          99     27  463.2         463.2
   55.0  20101  -66.9                         110     38  472.3         472.3
   53.8  20234  -67.1                         107     38  474.9         474.9
   50.0  20680  -63.5                          95     38  493.4         493.4
   48.1  20919  -60.7                          93     40  505.6         505.6
   39.0  22230  -59.8                          80     50  539.2         539.2
   32.0  23466  -58.9                          95     55  572.9         572.9
   30.9  23684  -58.7                                     579.1         579.1
</PRE><H3>Station information and sounding indices</H3><PRE>
                         Station identifier: WAAA
                             Station number: 97180
                           Observation time: 180823/1200
                           Station latitude: -5.06
                          Station longitude: 119.55
                          Station elevation: 14.0
                            Showalter index: 1.01
                               Lifted index: 0.02
    LIFT computed using virtual temperature: -0.34
                                SWEAT index: 190.98
                                    K index: 18.40
                         Cross totals index: 19.60
                      Vertical totals index: 22.90
                        Totals totals index: 42.50
      Convective Available Potential Energy: 11.40
             CAPE using virtual temperature: 44.67
                      Convective Inhibition: -187.57
             CINS using virtual temperature: -109.94
                           Equilibrum Level: 368.33
 Equilibrum Level using virtual temperature: 367.96
                   Level of Free Convection: 616.54
             LFCT using virtual temperature: 649.28
                     Bulk Richardson Number: 42.97
          Bulk Richardson Number using CAPV: 168.41
  Temp [K] of the Lifted Condensation Level: 290.17
Pres [hPa] of the Lifted Condensation Level: 868.58
     Mean mixed layer potential temperature: 302.10
              Mean mixed layer mixing ratio: 14.29
              1000 hPa to 500 hPa thickness: 5772.00
Precipitable water [mm] for entire sounding: 44.14
</PRE>
<P>Description of the 
<A HREF="/upperair/columns.html">data columns</A>
or <A HREF="/upperair/indices.html">sounding indices</A>.

<P>
<FORM>
<INPUT CLASS="button" TYPE="button" VALUE=" Close this window " 
 onClick="window.close();">
<INPUT CLASS="button" TYPE="button" VALUE=" Select another map " 
 onClick="window.blur();">
</FORM>
<HR SIZE="1">
<I>Interested in graduate studies in atmospheric science?
Check out our program at the
<a href="http://www.uwyo.edu/atsc/howtoapply/"
target=_top>University of Wyoming
</a></I>
<HR SIZE="1"><FONT SIZE="-1">
Questions about the weather data provided by this site can be
addressed to <A HREF="mailto:ldoolman@uwyo.edu">
Larry Oolman (ldoolman@uwyo.edu)</A></FONT>
<HR SIZE="1">
<SCRIPT TYPE="text/javascript">
<!--
window.focus();
// -->
</SCRIPT>
</BODY>
</HTML>
