<HTML>
<TITLE>University of Wyoming - Radiosonde Data</TITLE>
<LINK REL="StyleSheet" HREF="/resources/select.css" TYPE="text/css">
<BODY BGCOLOR="white">
<H2>97180 WAAA Ujung Pandang Observations at 12Z 28 Aug 2018</H2>
<PRE>
-----------------------------------------------------------------------------
   PRES   HGHT   TEMP   DWPT   RELH   MIXR   DRCT   SKNT   THTA   THTE   THTV
    hPa     m      C      C      %    g/kg    deg   knot     K      K      K 
-----------------------------------------------------------------------------
 1010.0     14   29.4   21.4     62  16.17     10      4  301.7  349.6  304.6
 1000.0    100   28.2   20.2     62  15.14    350      7  301.4  346.1  304.1
  978.0    296   27.0   17.3     55  12.89    350      8  302.1  340.4  304.4
  974.0    333   26.8   16.8     54  12.51    353      8  302.2  339.4  304.5
  945.0    597   24.2   17.3     65  13.35     15      9  302.2  341.9  304.6
  925.0    784   22.4   17.7     75  13.97     30     11  302.2  343.7  304.7
  919.0    841   22.0   17.7     77  14.07     33     11  302.4  344.1  304.9
  882.0   1197   20.0   12.0     60  10.07     55     11  303.8  334.1  305.7
  872.0   1296   19.4   10.4     56   9.16     53     11  304.2  331.9  305.9
  852.0   1496   18.3    9.3     56   8.71     50     11  305.1  331.6  306.7
  850.0   1516   18.2    9.2     56   8.66     50     10  305.2  331.5  306.8
  822.0   1801   16.3    9.4     64   9.09     15      9  306.1  333.8  307.8
  794.0   2095   14.3    9.6     74   9.56     30      7  307.0  336.2  308.8
  774.0   2312   12.8    9.8     82   9.92     26      7  307.7  338.0  309.5
  764.0   2421   13.0    4.0     54   6.72     25      6  309.0  330.0  310.3
  752.0   2554   12.8    2.8     51   6.26     22      6  310.2  329.9  311.4
  743.0   2655   13.4   -3.6     31   3.96     21      6  311.9  324.7  312.7
  715.0   2977   11.8  -10.2     20   2.47     15      5  313.6  321.9  314.1
  713.0   3000   11.7  -10.1     21   2.50     15      5  313.8  322.1  314.3
  702.0   3130   11.4   -9.6     22   2.64     15      6  314.8  323.6  315.3
  700.0   3154   11.2   -8.8     24   2.82     15      6  314.9  324.2  315.4
  688.0   3298   10.4    1.4     54   6.19     22      6  315.5  335.4  316.7
  664.0   3589    8.2    0.8     60   6.15     35      7  316.2  336.0  317.4
  640.0   3890    5.8    0.2     67   6.11     75     11  316.9  336.6  318.1
  617.0   4190    3.5   -0.4     76   6.06     85     12  317.6  337.2  318.7
  594.0   4501    1.1   -1.0     86   6.02     70     13  318.2  337.8  319.4
  584.0   4640    0.0   -1.3     91   5.99     75     13  318.5  338.0  319.7
  572.0   4805   -1.0   -2.5     90   5.60     80     12  319.2  337.5  320.3
  533.0   5368   -4.5   -6.6     85   4.40     58     11  321.6  336.2  322.4
  511.0   5699   -5.8   -8.7     80   3.90     45     10  323.9  337.0  324.6
  500.0   5870   -6.5   -9.8     77   3.65     45      9  325.1  337.5  325.8
  496.0   5933   -6.9  -10.4     76   3.51     45      9  325.3  337.3  326.0
  492.0   5996   -7.0  -11.4     71   3.26     45      9  325.9  337.1  326.5
  473.0   6303   -7.8  -16.5     50   2.24     75     10  328.7  336.6  329.1
  455.0   6605   -8.5  -21.5     34   1.52     78     14  331.4  337.0  331.7
  400.0   7590  -16.5  -28.5     35   0.92     90     26  333.5  336.9  333.6
  376.0   8053  -20.1  -43.1     11   0.23     90     27  334.6  335.6  334.7
  359.0   8394  -22.7  -41.4     17   0.29     90     27  335.6  336.8  335.7
  349.0   8602  -24.3  -40.3     21   0.33     88     29  336.2  337.5  336.2
  331.0   8987  -26.5  -49.5     10   0.13     85     32  338.3  338.8  338.3
  302.0   9643  -32.1  -41.1     40   0.35     80     39  339.4  340.8  339.4
  300.0   9690  -32.7  -40.7     45   0.37     80     39  339.2  340.7  339.2
  295.0   9807  -33.7  -41.7     44   0.34     79     40  339.4  340.8  339.5
  290.0   9926  -33.5  -45.5     29   0.23     79     42  341.3  342.3  341.4
  267.0  10493  -38.2  -53.0     20   0.10     75     48  342.7  343.1  342.7
  258.0  10728  -40.1  -56.1     16   0.07     75     47  343.2  343.5  343.2
  250.0  10940  -42.1                          75     46  343.3         343.3
  200.0  12410  -53.3                          65     50  348.2         348.2
  185.0  12895  -56.9                          60     46  350.2         350.2
  153.0  14077  -65.6                          85     46  354.9         354.9
  150.0  14200  -66.5                          85     42  355.3         355.3
  131.0  14996  -72.7                         100     23  358.2         358.2
  115.0  15761  -78.7                          80     30  360.7         360.7
  112.0  15912  -78.5                          85     27  363.9         363.9
  107.0  16173  -78.1                          95     22  369.4         369.4
  100.0  16560  -77.5                          60     21  377.7         377.7
   91.0  17108  -73.1                          10     14  396.8         396.8
   89.9  17178  -72.5                           3     12  399.4         399.4
   87.0  17371  -72.6                         345      5  403.0         403.0
   82.0  17719  -72.7                         310     19  409.6         409.6
   80.9  17798  -72.7                         309     17  411.2         411.2
   78.0  18015  -70.9                         305     13  419.3         419.3
   74.1  18319  -68.3                         349      9  430.9         430.9
   74.0  18327  -68.3                         350      9  431.0         431.0
   71.0  18575  -69.2                         345      9  434.2         434.2
   70.0  18660  -69.5                         350      7  435.4         435.4
   67.0  18921  -69.7                          60      5  440.4         440.4
   64.0  19195  -70.0                         110     15  445.7         445.7
   62.2  19365  -70.1                          95     19  449.0         449.0
   61.0  19481  -70.1                          85     22  451.6         451.6
   54.4  20164  -69.9                          71     33  467.0         467.0
   52.0  20435  -68.5                          65     37  476.3         476.3
   50.0  20670  -67.3                          80     35  484.5         484.5
   48.1  20905  -64.5                          83     39  496.5         496.5
   43.0  21594  -63.3                          90     52  515.7         515.7
   34.7  22914  -60.9                          93     58  554.5         554.5
   31.0  23624  -56.1                          95     61  585.6         585.6
   30.6  23705  -55.5                          95     61  589.3         589.3
   30.0  23830  -54.7                          95     62  594.9         594.9
   28.0  24274  -50.9                          85     53  617.3         617.3
   27.0  24511  -49.9                          75     33  626.6         626.6
   25.5  24884  -48.3                          90     27  641.5         641.5
   25.0  25014  -48.7                          95     25  644.1         644.1
   24.0  25281  -49.4                         140     19  649.5         649.5
   23.6  25391  -49.7                         133     21  651.7         651.7
   22.0  25853  -48.0                         105     29  670.0         670.0
   20.7  26253  -46.5                          57     16  686.3         686.3
   20.0  26480  -47.5                          30      8  690.0         690.0
   19.3  26715  -48.7                          13      6  693.4         693.4
   19.0  26818  -48.4                           5      5  697.3         697.3
   18.0  27174  -47.6                         265     24  710.9         710.9
   17.5  27360  -47.1                                     718.1         718.1
</PRE><H3>Station information and sounding indices</H3><PRE>
                         Station identifier: WAAA
                             Station number: 97180
                           Observation time: 180828/1200
                           Station latitude: -5.06
                          Station longitude: 119.55
                          Station elevation: 14.0
                            Showalter index: 4.11
                               Lifted index: -0.66
    LIFT computed using virtual temperature: -0.88
                                SWEAT index: 139.40
                                    K index: 13.90
                         Cross totals index: 15.70
                      Vertical totals index: 24.70
                        Totals totals index: 40.40
      Convective Available Potential Energy: 69.70
             CAPE using virtual temperature: 96.75
                      Convective Inhibition: -208.71
             CINS using virtual temperature: -132.04
                           Equilibrum Level: 294.56
 Equilibrum Level using virtual temperature: 294.30
                   Level of Free Convection: 610.14
             LFCT using virtual temperature: 618.87
                     Bulk Richardson Number: 13.22
          Bulk Richardson Number using CAPV: 18.35
  Temp [K] of the Lifted Condensation Level: 289.48
Pres [hPa] of the Lifted Condensation Level: 863.43
     Mean mixed layer potential temperature: 301.89
              Mean mixed layer mixing ratio: 13.78
              1000 hPa to 500 hPa thickness: 5770.00
Precipitable water [mm] for entire sounding: 44.20
</PRE>
<P>Description of the 
<A HREF="/upperair/columns.html">data columns</A>
or <A HREF="/upperair/indices.html">sounding indices</A>.

<P>
<FORM>
<INPUT CLASS="button" TYPE="button" VALUE=" Close this window " 
 onClick="window.close();">
<INPUT CLASS="button" TYPE="button" VALUE=" Select another map " 
 onClick="window.blur();">
</FORM>
<HR SIZE="1">
<I>Interested in graduate studies in atmospheric science?
Check out our program at the
<a href="http://www.uwyo.edu/atsc/howtoapply/"
target=_top>University of Wyoming
</a></I>
<HR SIZE="1"><FONT SIZE="-1">
Questions about the weather data provided by this site can be
addressed to <A HREF="mailto:ldoolman@uwyo.edu">
Larry Oolman (ldoolman@uwyo.edu)</A></FONT>
<HR SIZE="1">
<SCRIPT TYPE="text/javascript">
<!--
window.focus();
// -->
</SCRIPT>
</BODY>
</HTML>
