<HTML>
<TITLE>University of Wyoming - Radiosonde Data</TITLE>
<LINK REL="StyleSheet" HREF="/resources/select.css" TYPE="text/css">
<BODY BGCOLOR="white">
<H2>97180 WAAA Ujung Pandang Observations at 12Z 08 Aug 2018</H2>
<PRE>
-----------------------------------------------------------------------------
   PRES   HGHT   TEMP   DWPT   RELH   MIXR   DRCT   SKNT   THTA   THTE   THTV
    hPa     m      C      C      %    g/kg    deg   knot     K      K      K 
-----------------------------------------------------------------------------
 1008.0     14   28.2   19.2     58  14.09      0      0  300.7  342.3  303.2
 1000.0     83   28.4   18.4     55  13.50     95      5  301.6  341.6  304.0
  985.0    216   28.0   17.0     51  12.53     79      9  302.4  339.8  304.7
  976.0    297   27.3   16.6     52  12.30     70     12  302.5  339.2  304.7
  956.0    479   25.6   15.6     54  11.79     74     14  302.6  337.8  304.8
  935.0    673   25.6   13.6     47  10.57     78     15  304.5  336.4  306.5
  925.0    767   25.0   13.0     47  10.27     80     16  304.9  335.9  306.8
  880.0   1202   21.3   14.2     64  11.70     85      9  305.4  340.7  307.5
  851.0   1494   18.8   15.0     79  12.76    124      5  305.7  344.2  308.1
  850.0   1504   18.8   15.2     80  12.94    125      5  305.8  344.9  308.2
  849.0   1514   18.8   15.3     80  13.04    127      5  305.9  345.3  308.3
  841.0   1596   20.8    7.8     43   7.95    143      6  308.9  333.5  310.3
  799.0   2036   17.0    7.0     52   7.92    232      9  309.4  333.9  310.8
  793.0   2100   16.6    7.3     54   8.13    245     10  309.6  334.8  311.1
  772.0   2329   15.2    8.2     63   8.91    280     12  310.5  338.1  312.1
  766.0   2395   14.9    7.7     62   8.69    290     12  310.9  337.9  312.5
  745.0   2631   14.0    6.0     59   7.93    282     10  312.4  337.2  313.8
  732.0   2779   14.0   -2.0     33   4.53    277      9  313.9  328.6  314.8
  713.0   3000   12.0   -4.0     32   4.01    270      8  314.1  327.1  314.9
  700.0   3154   10.6   -5.4     32   3.67    275      9  314.2  326.2  314.9
  680.0   3395    8.4   -6.6     34   3.45    286      7  314.4  325.7  315.0
  663.0   3603    7.0  -21.0     12   1.09    295      6  315.1  318.9  315.3
  649.0   3779    6.6  -27.4      7   0.63    359      5  316.5  318.8  316.6
  639.0   3906    5.9  -22.3     11   1.01     45      4  317.2  320.8  317.4
  625.0   4087    5.0  -15.0     22   1.92     57      6  318.1  324.7  318.5
  623.0   4113    5.0   -8.0     38   3.38     59      7  318.4  329.7  319.1
  594.0   4500    1.9   -2.8     71   5.29     85     12  319.2  336.5  320.2
  591.0   4541    1.6   -2.2     76   5.54     85     12  319.3  337.4  320.4
  569.0   4847    0.0   -3.8     76   5.10     82     14  320.9  337.8  321.9
  531.0   5398   -3.9  -10.9     58   3.15     78     17  322.6  333.4  323.2
  511.0   5699   -6.3  -11.9     65   3.03     75     19  323.2  333.6  323.8
  500.0   5870   -7.7  -12.4     69   2.97     75     19  323.6  333.8  324.2
  492.0   5995   -8.4  -12.4     72   3.00     70     18  324.2  334.6  324.8
  473.0   6299  -10.1  -12.6     82   3.09     40     17  325.8  336.5  326.5
  455.0   6599  -11.7  -12.7     92   3.18     48     17  327.4  338.4  328.1
  454.0   6616  -11.5  -12.3     94   3.30     48     17  327.9  339.3  328.5
  451.0   6667  -10.3  -17.3     57   2.19     49     17  330.0  337.8  330.4
  448.0   6719   -9.9  -20.9     40   1.62     51     17  331.1  337.0  331.5
  411.0   7382  -11.3  -41.3      6   0.25     67     18  337.6  338.6  337.6
  405.0   7495  -11.9  -38.7      9   0.33     70     18  338.2  339.5  338.2
  400.0   7590  -12.5  -36.5     12   0.42     80     17  338.6  340.4  338.7
  374.0   8098  -16.4  -41.2     10   0.28     95     27  340.0  341.2  340.1
  366.0   8261  -17.7  -42.7      9   0.24     97     28  340.4  341.4  340.5
  300.0   9710  -30.5  -53.5      9   0.09    115     39  342.3  342.7  342.3
  292.0   9899  -32.1  -53.7     10   0.09    110     43  342.6  343.0  342.6
  257.0  10792  -39.9  -54.9     19   0.09    102     40  343.9  344.3  343.9
  250.0  10980  -41.7                         100     39  343.9         343.9
  245.0  11113  -42.7                          95     39  344.4         344.4
  214.0  12004  -49.4                          60     61  347.6         347.6
  200.0  12450  -52.7                          60     68  349.1         349.1
  150.0  14250  -67.3                         105     50  354.0         354.0
  139.0  14698  -71.1                         105     46  355.1         355.1
  124.0  15369  -76.7                          97     45  356.7         356.7
  106.0  16259  -81.1                          85     44  364.7         364.7
  102.0  16477  -77.5                          80     42  375.5         375.5
  100.0  16590  -75.7                          75     36  381.2         381.2
   98.6  16672  -73.5                          67     33  387.0         387.0
   92.0  17075  -74.3                          25     16  393.2         393.2
   87.0  17401  -74.9                         320      5  398.3         398.3
   84.1  17598  -75.3                         259      6  401.4         401.4
   83.0  17675  -74.8                         235      6  403.9         403.9
   79.3  17940  -73.1                         204      9  412.7         412.7
   75.0  18265  -75.1                         165     12  415.1         415.1
   71.0  18587  -71.6                          95      8  429.1         429.1
   70.0  18670  -70.7                          75      8  432.8         432.8
   69.9  18679  -70.7                          75      8  433.0         433.0
   67.0  18932  -70.5                          60      9  438.8         438.8
   61.0  19492  -69.9                          70     20  451.9         451.9
   58.0  19793  -69.7                          95     23  459.0         459.0
   50.6  20608  -68.9                          90     31  479.1         479.1
   50.0  20680  -68.3                          90     32  482.1         482.1
   45.6  21240  -63.9                          90     41  505.6         505.6
   39.0  22203  -63.4                          90     57  530.0         530.0
   38.2  22330  -63.3                          90     57  533.4         533.4
   33.6  23136  -55.5                          90     55  573.9         573.9
   30.9  23671  -55.9                          90     54  586.7         586.7
   30.0  23860  -55.5                          90     54  592.7         592.7
   28.0  24303  -53.1                          95     53  611.2         611.2
   26.9  24561  -51.7                                     622.2         622.2
</PRE><H3>Station information and sounding indices</H3><PRE>
                         Station identifier: WAAA
                             Station number: 97180
                           Observation time: 180808/1200
                           Station latitude: -5.06
                          Station longitude: 119.55
                          Station elevation: 14.0
                            Showalter index: -2.74
                               Lifted index: -0.64
    LIFT computed using virtual temperature: -0.89
                                SWEAT index: 219.38
                                    K index: 25.70
                         Cross totals index: 22.90
                      Vertical totals index: 26.50
                        Totals totals index: 49.40
      Convective Available Potential Energy: 12.56
             CAPE using virtual temperature: 20.04
                      Convective Inhibition: -474.11
             CINS using virtual temperature: -380.39
                           Equilibrum Level: 454.72
 Equilibrum Level using virtual temperature: 454.50
                   Level of Free Convection: 518.06
             LFCT using virtual temperature: 527.93
                     Bulk Richardson Number: 4.10
          Bulk Richardson Number using CAPV: 6.54
  Temp [K] of the Lifted Condensation Level: 287.75
Pres [hPa] of the Lifted Condensation Level: 842.49
     Mean mixed layer potential temperature: 302.20
              Mean mixed layer mixing ratio: 12.59
              1000 hPa to 500 hPa thickness: 5787.00
Precipitable water [mm] for entire sounding: 39.18
</PRE>
<P>Description of the 
<A HREF="/upperair/columns.html">data columns</A>
or <A HREF="/upperair/indices.html">sounding indices</A>.

<P>
<FORM>
<INPUT CLASS="button" TYPE="button" VALUE=" Close this window " 
 onClick="window.close();">
<INPUT CLASS="button" TYPE="button" VALUE=" Select another map " 
 onClick="window.blur();">
</FORM>
<HR SIZE="1">
<I>Interested in graduate studies in atmospheric science?
Check out our program at the
<a href="http://www.uwyo.edu/atsc/howtoapply/"
target=_top>University of Wyoming
</a></I>
<HR SIZE="1"><FONT SIZE="-1">
Questions about the weather data provided by this site can be
addressed to <A HREF="mailto:ldoolman@uwyo.edu">
Larry Oolman (ldoolman@uwyo.edu)</A></FONT>
<HR SIZE="1">
<SCRIPT TYPE="text/javascript">
<!--
window.focus();
// -->
</SCRIPT>
</BODY>
</HTML>
