<HTML>
<TITLE>University of Wyoming - Radiosonde Data</TITLE>
<LINK REL="StyleSheet" HREF="/resources/select.css" TYPE="text/css">
<BODY BGCOLOR="white">
<H2>97180 WAAA Ujung Pandang Observations at 12Z 03 Sep 2018</H2>
<PRE>
-----------------------------------------------------------------------------
   PRES   HGHT   TEMP   DWPT   RELH   MIXR   DRCT   SKNT   THTA   THTE   THTV
    hPa     m      C      C      %    g/kg    deg   knot     K      K      K 
-----------------------------------------------------------------------------
 1010.0     14   28.2   22.2     70  17.00      0      0  300.5  350.6  303.6
 1000.0     96   27.6   20.6     66  15.53    170      4  300.8  346.6  303.6
  977.0    302   26.6   18.6     62  14.01     85      3  301.7  343.3  304.2
  952.0    531   25.4   16.4     57  12.47     73      5  302.8  340.0  305.0
  945.0    596   24.8   16.1     58  12.32     70      5  302.8  339.6  305.1
  925.0    783   23.2   15.2     61  11.88     80      7  303.0  338.5  305.2
  882.0   1197   19.7   13.6     68  11.20     90     12  303.6  337.1  305.6
  857.0   1446   17.6   12.6     72  10.81     86     17  303.9  336.3  305.8
  850.0   1517   17.4   11.4     68  10.05     85     19  304.4  334.7  306.2
  822.0   1803   16.5    8.5     59   8.54     75     25  306.3  332.4  307.9
  808.0   1950   16.0    7.0     55   7.83     78     25  307.3  331.4  308.8
  770.0   2357   13.0    5.0     58   7.15     86     25  308.3  330.5  309.7
  754.0   2534   12.0   -1.0     41   4.74     90     24  309.1  324.1  310.0
  716.0   2964    8.8   -8.2     29   2.89     99     24  310.2  319.6  310.7
  713.0   2999    8.7   -7.0     32   3.18    100     24  310.4  320.7  311.0
  700.0   3151    8.0   -2.0     49   4.74     95     26  311.3  326.5  312.2
  698.0   3175    7.8   -0.2     57   5.43     94     26  311.3  328.6  312.4
  693.0   3234    8.0    4.8     80   7.84     93     26  312.2  336.8  313.7
  663.0   3599    6.8    2.6     75   7.03     85     26  314.8  337.1  316.1
  636.0   3941    5.6    0.6     70   6.33     89     26  317.2  337.6  318.4
  578.0   4717    0.0   -3.9     75   4.99    100     25  319.5  335.9  320.4
  551.0   5099   -2.1   -5.7     76   4.55    105     24  321.4  336.6  322.3
  533.0   5364   -3.5   -7.0     77   4.27    100     24  322.8  337.1  323.6
  513.0   5667   -3.5   -8.5     68   3.95     94     25  326.3  339.8  327.1
  500.0   5870   -4.5  -10.5     63   3.46     90     25  327.5  339.4  328.2
  459.0   6539   -7.7  -18.7     41   1.91     88     24  331.6  338.5  332.0
  421.0   7201  -13.0  -20.9     52   1.73     85     23  333.1  339.4  333.4
  411.0   7385  -14.5  -21.5     55   1.68     85     26  333.5  339.6  333.8
  400.0   7590  -15.3  -26.3     38   1.12     85     29  335.0  339.2  335.2
  350.0   8587  -22.5  -34.5     33   0.59     90     40  338.3  340.7  338.4
  345.0   8691  -23.4  -34.9     34   0.57     90     41  338.5  340.8  338.6
  308.0   9513  -30.3  -38.3     46   0.46     74     52  340.0  341.8  340.1
  300.0   9700  -31.9  -40.9     41   0.36     70     54  340.3  341.8  340.4
  285.0  10060  -33.9  -48.9     21   0.16     66     54  342.5  343.1  342.5
  267.0  10510  -37.8  -51.5     23   0.12     60     55  343.2  343.7  343.2
  258.0  10746  -39.9  -52.9     24   0.11     60     54  343.5  344.0  343.5
  250.0  10960  -41.9                          60     53  343.6         343.6
  200.0  12430  -54.1                          45     60  346.9         346.9
  186.0  12885  -58.3                          50     61  347.4         347.4
  167.0  13561  -64.5                          58     67  347.9         347.9
  153.0  14091  -68.6                          65     72  349.8         349.8
  152.0  14131  -68.9                          65     71  349.9         349.9
  150.0  14210  -69.5                          65     68  350.2         350.2
  141.0  14577  -68.9                          80     38  357.5         357.5
  138.0  14703  -69.6                          85     27  358.4         358.4
  119.0  15565  -74.7                         125     28  364.6         364.6
  109.0  16076  -77.7                         110     22  368.2         368.2
  100.0  16570  -74.5                         100     17  383.5         383.5
   91.0  17115  -78.0                          80     15  387.0         387.0
   89.4  17217  -78.7                          70     15  387.6         387.6
   87.0  17372  -79.2                          55     16  389.7         389.7
   85.5  17471  -79.5                          56     17  391.0         391.0
   79.7  17880  -71.1                          58     21  416.2         416.2
   74.0  18324  -67.6                          60     25  432.4         432.4
   73.8  18340  -67.5                          61     25  433.1         433.1
   71.0  18574  -67.3                          80     23  438.2         438.2
   70.0  18660  -67.3                          75     23  440.1         440.1
   64.0  19195  -69.2                          85     27  447.3         447.3
   62.6  19328  -69.7                          91     28  449.1         449.1
   58.0  19785  -67.5                         110     32  463.8         463.8
   54.7  20136  -65.9                         112     33  475.4         475.4
   50.0  20680  -65.9                         115     34  487.8         487.8
   48.7  20839  -66.3                         113     38  490.5         490.5
   47.0  21055  -64.7                         110     43  499.3         499.3
   44.9  21333  -62.7                          97     46  510.8         510.8
   43.0  21600  -62.2                          85     49  518.3         518.3
   35.5  22782  -60.1                          91     53  553.0         553.0
   32.0  23430  -57.7                          94     55  576.0         576.0
   31.0  23631  -55.1                          95     56  588.2         588.2
   30.6  23713  -54.1                          95     56  593.2         593.2
   30.0  23840  -53.3                          95     56  598.7         598.7
   28.0  24290  -51.2                         100     35  616.5         616.5
   26.0  24774  -49.0                          95     27  636.0         636.0
   25.1  25004  -47.9                          79     26  645.5         645.5
   23.1  25551  -49.5                          42     23  656.3         656.3
   23.0  25580  -49.2                          40     23  657.9         657.9
   22.3  25783  -47.3                           5     20  669.5         669.5
   22.0  25872  -47.6                         350     18  671.0         671.0
   21.0  26179  -48.9                         300     23  676.4         676.4
   20.0  26500  -50.1                         275     31  682.1         682.1
   19.3  26732  -50.7                         253     30  687.2         687.2
   18.0  27189  -49.6                         210     27  704.4         704.4
   17.0  27563  -48.8                         200     21  718.7         718.7
   16.7  27679  -48.5                         207     16  723.3         723.3
   16.0  27963  -45.2                         225      5  742.8         742.8
   15.8  28047  -44.3                         238      5  748.5         748.5
   15.0  28397  -43.8                         290      7  761.5         761.5
   14.0  28861  -43.1                           5      4  779.0         779.0
   13.0  29360  -42.3                         310     10  798.2         798.2
   12.7  29517  -42.1                                     804.4         804.4
</PRE><H3>Station information and sounding indices</H3><PRE>
                         Station identifier: WAAA
                             Station number: 97180
                           Observation time: 180903/1200
                           Station latitude: -5.06
                          Station longitude: 119.55
                          Station elevation: 14.0
                            Showalter index: 4.67
                               Lifted index: 0.76
    LIFT computed using virtual temperature: 0.48
                                SWEAT index: 199.80
                                    K index: 23.30
                         Cross totals index: 15.90
                      Vertical totals index: 21.90
                        Totals totals index: 37.80
      Convective Available Potential Energy: 50.98
             CAPE using virtual temperature: 105.98
                      Convective Inhibition: -94.38
             CINS using virtual temperature: -52.69
                           Equilibrum Level: 297.74
 Equilibrum Level using virtual temperature: 296.64
                   Level of Free Convection: 742.58
             LFCT using virtual temperature: 778.47
                     Bulk Richardson Number: 1.35
          Bulk Richardson Number using CAPV: 2.81
  Temp [K] of the Lifted Condensation Level: 290.44
Pres [hPa] of the Lifted Condensation Level: 877.34
     Mean mixed layer potential temperature: 301.52
              Mean mixed layer mixing ratio: 14.43
              1000 hPa to 500 hPa thickness: 5774.00
Precipitable water [mm] for entire sounding: 44.53
</PRE>
<P>Description of the 
<A HREF="/upperair/columns.html">data columns</A>
or <A HREF="/upperair/indices.html">sounding indices</A>.

<P>
<FORM>
<INPUT CLASS="button" TYPE="button" VALUE=" Close this window " 
 onClick="window.close();">
<INPUT CLASS="button" TYPE="button" VALUE=" Select another map " 
 onClick="window.blur();">
</FORM>
<HR SIZE="1">
<I>Interested in graduate studies in atmospheric science?
Check out our program at the
<a href="http://www.uwyo.edu/atsc/howtoapply/"
target=_top>University of Wyoming
</a></I>
<HR SIZE="1"><FONT SIZE="-1">
Questions about the weather data provided by this site can be
addressed to <A HREF="mailto:ldoolman@uwyo.edu">
Larry Oolman (ldoolman@uwyo.edu)</A></FONT>
<HR SIZE="1">
<SCRIPT TYPE="text/javascript">
<!--
window.focus();
// -->
</SCRIPT>
</BODY>
</HTML>
