<HTML>
<TITLE>University of Wyoming - Radiosonde Data</TITLE>
<LINK REL="StyleSheet" HREF="/resources/select.css" TYPE="text/css">
<BODY BGCOLOR="white">
<H2>97180 WAAA Ujung Pandang Observations at 12Z 10 Aug 2018</H2>
<PRE>
-----------------------------------------------------------------------------
   PRES   HGHT   TEMP   DWPT   RELH   MIXR   DRCT   SKNT   THTA   THTE   THTV
    hPa     m      C      C      %    g/kg    deg   knot     K      K      K 
-----------------------------------------------------------------------------
 1010.0     14   29.4   22.4     66  17.21      0      0  301.7  352.7  304.8
 1000.0    101   28.6   20.6     62  15.53     40      4  301.8  347.8  304.6
  978.0    297   27.2   20.0     65  15.32     45      8  302.2  347.7  305.0
  945.0    600   25.0   19.1     70  15.00     70      5  303.0  347.7  305.7
  925.0    788   23.6   18.6     74  14.80     20      5  303.4  347.6  306.1
  914.0    892   22.9   18.2     75  14.57     15      5  303.7  347.2  306.4
  882.0   1202   20.7   16.9     79  13.89     50      6  304.6  346.2  307.1
  850.0   1523   18.4   15.5     83  13.20     55      4  305.4  345.1  307.8
  814.0   1892   15.4   14.7     96  13.09     72      6  306.0  345.5  308.4
  762.0   2447   11.8   11.5     98  11.31     98     10  308.0  342.4  310.1
  739.0   2703   11.2    9.6     90  10.26    110     12  310.0  341.6  311.9
  733.0   2771   11.0    9.1     88   9.99    107     11  310.5  341.4  312.4
  720.0   2920   11.4   -2.6     37   4.41     99     10  312.6  326.8  313.4
  717.0   2955   10.6    6.1     74   8.30     97      9  312.0  338.0  313.6
  716.0   2967   10.6    2.6     58   6.49     97      9  312.2  332.7  313.4
  713.0   3001   10.8    1.2     52   5.91     95      9  312.7  331.5  313.8
  712.0   3013   10.8    0.8     50   5.73     95      9  312.9  331.1  314.0
  710.0   3036   10.4    6.0     74   8.33     96      9  312.7  338.8  314.3
  706.0   3083   10.6   -1.4     43   4.92     98      8  313.4  329.2  314.4
  700.0   3154   10.0    1.0     54   5.91    100      8  313.5  332.4  314.6
  696.0   3202    9.6    2.6     62   6.68    102      8  313.6  334.8  314.9
  691.0   3262   10.0   -5.0     34   3.83    105      8  314.7  327.2  315.4
  664.0   3591    7.6   -2.9     47   4.67    120      7  315.6  330.8  316.5
  655.0   3704    6.8   -2.2     53   5.00    114      7  315.9  332.1  316.9
  640.0   3894    5.8   -9.5     32   2.93    105      8  316.9  326.7  317.5
  622.0   4127    4.6  -18.4     17   1.45    118     12  318.1  323.2  318.4
  594.0   4500    2.4  -15.9     25   1.88    140     18  319.8  326.3  320.2
  564.0   4919    0.0  -13.0     37   2.50    136     17  321.7  330.3  322.2
  552.0   5089   -1.5  -13.2     41   2.51    135     17  321.9  330.5  322.4
  528.0   5443   -4.7  -13.7     49   2.53    149     16  322.2  330.9  322.7
  511.0   5699   -6.3  -12.0     64   3.01    160     15  323.3  333.6  323.9
  500.0   5870   -7.3  -10.8     76   3.37    145     11  324.1  335.6  324.7
  492.0   5997   -7.7   -9.7     86   3.76    130      7  325.1  337.9  325.9
  491.0   6013   -7.7   -9.5     87   3.81    127      7  325.3  338.2  326.0
  473.0   6302   -9.9  -11.1     91   3.48     75      7  326.1  338.0  326.8
  455.0   6602  -12.1  -12.8     95   3.17     80      7  326.9  337.9  327.5
  438.0   6897  -14.3  -14.4     99   2.88     63     12  327.7  337.7  328.3
  429.0   7056  -13.1  -17.1     72   2.35     53     15  331.2  339.6  331.7
  421.0   7200  -13.9  -17.8     73   2.26     45     18  331.9  340.1  332.4
  400.0   7590  -16.1  -19.5     75   2.05     60     26  334.0  341.4  334.4
  389.0   7799  -17.5  -20.6     77   1.92     64     27  334.8  341.8  335.2
  376.0   8053  -18.7  -23.6     65   1.52     69     28  336.5  342.2  336.8
  369.0   8193  -19.1  -28.1     45   1.03     71     28  337.8  341.7  338.0
  359.0   8396  -20.6  -30.4     41   0.85     75     29  338.4  341.7  338.6
  357.0   8438  -20.9  -30.9     40   0.82     77     29  338.6  341.8  338.7
  353.0   8521  -20.7  -40.7     15   0.31     80     29  339.9  341.2  340.0
  330.0   9015  -24.5  -52.5      6   0.09     99     28  341.3  341.7  341.3
  317.0   9304  -26.9  -49.8     10   0.13    110     28  342.0  342.5  342.0
  300.0   9700  -30.1  -46.1     20   0.20    100     31  342.8  343.7  342.9
  289.0   9963  -32.7  -45.7     26   0.22     95     33  342.8  343.8  342.9
  257.0  10773  -40.1  -45.1     59   0.27     79     39  343.6  344.7  343.6
  250.0  10960  -40.9                          75     40  345.1         345.1
  245.0  11096  -41.6                          75     41  346.0         346.0
  233.0  11435  -43.5                          80     39  348.2         348.2
  200.0  12440  -52.7                          95     34  349.1         349.1
  186.0  12894  -56.8                          85     33  349.9         349.9
  150.0  14240  -68.9                          65     34  351.2         351.2
  143.0  14522  -71.3                          65     36  351.9         351.9
  132.0  14984  -74.0                          65     39  355.1         355.1
  116.0  15729  -78.5                          75     39  360.2         360.2
  114.0  15828  -76.1                          78     35  366.5         366.5
  113.0  15879  -76.1                          80     33  367.4         367.4
  100.0  16580  -75.9                         135     27  380.8         380.8
   96.0  16816  -77.6                         140     28  382.0         382.0
   94.4  16913  -78.3                         134     27  382.4         382.4
   87.0  17389  -74.7                         105     22  398.7         398.7
   83.0  17664  -72.6                          50     17  408.4         408.4
   81.7  17756  -71.9                          33     18  411.6         411.6
   78.0  18030  -72.6                         345     22  415.8         415.8
   75.0  18262  -73.1                         335     23  419.3         419.3
   74.1  18333  -73.3                         344     20  420.4         420.4
   71.0  18586  -72.1                          15     10  428.1         428.1
   70.0  18670  -71.7                          30      9  430.7         430.7
   67.0  18929  -71.5                         100      6  436.6         436.6
   64.0  19201  -71.2                         120     12  442.9         442.9
   60.7  19514  -70.9                         118     19  450.4         450.4
   57.3  19861  -65.5                         116     27  470.1         470.1
   55.0  20110  -65.6                         115     32  475.3         475.3
   50.0  20690  -65.9                          95     42  487.8         487.8
   44.8  21354  -65.5                          95     49  504.3         504.3
   43.0  21604  -65.0                          95     51  511.5         511.5
   36.4  22620  -62.9                          84     59  541.8         541.8
   34.0  23043  -58.3                          80     62  564.6         564.6
   33.7  23098  -57.7                          80     62  567.6         567.6
   30.2  23788  -56.9                          80     57  587.8         587.8
   30.0  23830  -56.7                          80     57  589.5         589.5
   29.0  24047  -54.8                          85     59  600.4         600.4
   27.1  24482  -51.1                          90     49  622.5         622.5
   24.0  25276  -49.2                         100     32  650.0         650.0
   22.9  25582  -48.5                          95     20  660.9         660.9
   22.0  25845  -49.1                          90     10  666.6         666.6
   21.0  26150  -49.9                         150      8  673.2         673.2
   20.0  26470  -47.7                         195     17  689.4         689.4
   19.3  26705  -48.3                         181     17  694.6         694.6
   19.0  26809  -48.1                         175     17  698.5         698.5
   18.0  27169  -47.2                         255      7  711.9         711.9
   17.0  27549  -46.4                         315     17  726.5         726.5
   14.1  28793  -43.5                         257     33  776.0         776.0
   14.0                                       255     34                     
</PRE><H3>Station information and sounding indices</H3><PRE>
                         Station identifier: WAAA
                             Station number: 97180
                           Observation time: 180810/1200
                           Station latitude: -5.06
                          Station longitude: 119.55
                          Station elevation: 14.0
                            Showalter index: -2.45
                               Lifted index: -3.56
    LIFT computed using virtual temperature: -3.97
                                SWEAT index: 205.00
                                    K index: 32.20
                         Cross totals index: 22.80
                      Vertical totals index: 25.70
                        Totals totals index: 48.50
      Convective Available Potential Energy: 509.71
             CAPE using virtual temperature: 649.64
                      Convective Inhibition: -58.15
             CINS using virtual temperature: -49.73
                           Equilibrum Level: 242.76
 Equilibrum Level using virtual temperature: 242.75
                   Level of Free Convection: 818.33
             LFCT using virtual temperature: 822.48
                     Bulk Richardson Number: 82.68
          Bulk Richardson Number using CAPV: 105.38
  Temp [K] of the Lifted Condensation Level: 291.73
Pres [hPa] of the Lifted Condensation Level: 884.42
     Mean mixed layer potential temperature: 302.16
              Mean mixed layer mixing ratio: 15.50
              1000 hPa to 500 hPa thickness: 5769.00
Precipitable water [mm] for entire sounding: 50.59
</PRE>
<P>Description of the 
<A HREF="/upperair/columns.html">data columns</A>
or <A HREF="/upperair/indices.html">sounding indices</A>.

<P>
<FORM>
<INPUT CLASS="button" TYPE="button" VALUE=" Close this window " 
 onClick="window.close();">
<INPUT CLASS="button" TYPE="button" VALUE=" Select another map " 
 onClick="window.blur();">
</FORM>
<HR SIZE="1">
<I>Interested in graduate studies in atmospheric science?
Check out our program at the
<a href="http://www.uwyo.edu/atsc/howtoapply/"
target=_top>University of Wyoming
</a></I>
<HR SIZE="1"><FONT SIZE="-1">
Questions about the weather data provided by this site can be
addressed to <A HREF="mailto:ldoolman@uwyo.edu">
Larry Oolman (ldoolman@uwyo.edu)</A></FONT>
<HR SIZE="1">
<SCRIPT TYPE="text/javascript">
<!--
window.focus();
// -->
</SCRIPT>
</BODY>
</HTML>
